0.008795,0.008846,0.009030,0.009884,0.010633,0.011901,0.011945,0.011110,0.011289,0.011477,0.010722,0.010514,0.011299,0.011698,0.011654,0.013242,0.012037,0.012091,0.013951,0.010163,0.010792,0.011830,0.009975,0.008965,0.008120,0.007895,0.008582,0.008234,-0.028008,0.011684,-0.124548,-0.117589,-0.254776,-0.333205,-0.183420,-0.209342,-0.211775,-0.302432,-0.262966,-0.175378,-0.048912,-0.074656,-0.022483,-0.074407,0.103200,0.089819,0.049287,0.052663,0.034645,-0.009933,-0.084112,-0.059527,-0.046754,-0.067274,-0.029523,-0.038483,0.011810,0.021200,-0.077219,-0.116612,-0.083135,0.158854,0.188710,0.188918,0.331911,0.329389,0.115448,-0.018007,-0.313282,-0.233065,-0.209965,-0.188937,-0.031731,-0.005245,0.001770,0.014833,0.011673,-0.011098,-0.014756,-0.057553,-0.164291,0.136315,0.222023,0.245470,0.241676,-0.022325,0.117033,0.080917,0.039447,-0.017902,-0.011181,-0.027951,-0.031453,0.272452,0.040194,0.077405,-0.055934,0.084841,-0.037784,-0.048141,-0.096893,-0.048514,-0.113000,-0.017877,-0.085636,-0.004529,-0.016688,-0.016472,0.066853,-0.026969,-0.172401,-0.042200,0.011411,0.010927,0.011804,0.009388,0.008455,0.009734,0.010587,0.010361,0.011557,0.012525,0.014570,0.012889,0.011601,0.011548,0.009731,0.008946,0.007952,0.006989,0.008643,0.009988,0.009674,0.010696,0.009174,0.010298,0.011296,0.011430,0.008983,0.009095,0.008331,0.008697,0.007812,0.007606
0.009112,0.009299,0.008783,0.009136,0.009645,0.010263,0.009873,0.009290,0.009636,0.010267,0.010015,0.009898,0.010586,0.011156,0.011130,0.012026,0.011538,0.011834,0.013814,0.010763,0.011652,0.012267,0.011207,0.009715,0.009018,0.008560,0.008903,0.008119,0.029508,0.025052,-0.050609,-0.070356,-0.214991,-0.247256,-0.123385,-0.192451,-0.213501,-0.297798,-0.233484,-0.151300,-0.066504,-0.105651,-0.027147,-0.085820,0.085686,0.065959,0.022892,0.034610,0.007536,-0.016781,-0.088452,-0.097998,-0.052483,-0.063656,-0.021197,-0.024007,0.047866,0.082214,0.080291,0.014625,0.004958,0.100910,0.082467,0.070675,0.225233,0.193875,0.027195,-0.021676,-0.301926,-0.229821,-0.213855,-0.196847,-0.060688,-0.047364,-0.029463,0.007771,0.021443,0.009935,0.005162,-0.020024,-0.139459,0.119105,0.268597,0.283687,0.255526,0.097176,0.128240,0.117243,0.009747,-0.140486,-0.054727,0.007741,0.011391,0.285753,0.059270,0.102032,-0.034408,0.124802,-0.011204,-0.012861,-0.066749,-0.003336,-0.047888,0.046374,-0.024511,0.104017,0.062909,0.078676,0.168888,0.109333,0.076266,0.121087,0.137696,0.148282,0.013405,0.010877,0.009898,0.011585,0.011560,0.010940,0.012726,0.014077,0.016005,0.015607,0.014542,0.013866,0.010907,0.010050,0.008978,0.007873,0.009402,0.009662,0.009241,0.010616,0.009320,0.010053,0.010748,0.010437,0.008630,0.009139,0.008191,0.008306,0.008088,0.007365
0.008050,0.008632,0.007739,0.008205,0.008268,0.008631,0.008548,0.008710,0.009407,0.010027,0.009808,0.009976,0.010980,0.012095,0.011870,0.011638,0.011774,0.011747,0.013465,0.010906,0.011856,0.012157,0.011752,0.010394,0.009642,0.009109,0.110954,0.187023,0.235328,0.262086,0.235351,0.162406,0.071288,-0.009971,0.078034,-0.013813,-0.058944,-0.180725,-0.081894,-0.053785,-0.022743,-0.072221,-0.004514,-0.073165,0.089970,0.078691,0.039444,0.052842,0.010179,-0.012124,-0.074416,-0.110674,-0.069407,0.025154,0.022012,0.019174,0.089133,0.119493,0.199579,0.095366,-0.017689,0.043299,-0.013007,-0.055474,0.096171,0.022625,-0.100483,-0.096275,-0.277826,-0.237485,-0.234247,-0.223505,-0.090576,-0.078207,-0.062455,-0.017859,-0.000574,0.016372,0.020647,-0.043186,-0.170346,0.059994,0.185756,0.174235,0.161851,0.094011,0.108981,0.125919,-0.034311,-0.129317,-0.026689,0.056131,0.017155,0.223602,-0.001184,-0.003577,-0.129530,-0.009289,-0.132233,-0.092570,-0.101434,-0.012384,-0.019492,0.020625,-0.028267,0.077051,0.066897,0.082143,0.141490,0.159145,0.162340,0.216929,0.299018,0.231142,0.013012,0.010612,0.009645,0.010804,0.010842,0.010291,0.011461,0.012627,0.014306,0.015086,0.012852,0.012283,0.010130,0.009325,0.008195,0.007453,0.009041,0.009128,0.008768,0.010312,0.009311,0.010105,0.009687,0.009457,0.008744,0.008923,0.008236,0.008343,0.007690,0.007847
0.009530,0.010209,0.009051,0.009287,0.009199,0.009059,0.009179,0.009599,0.009766,0.009656,0.009763,0.009701,0.010567,0.010598,0.010482,0.010352,0.010445,0.010217,0.011975,0.010395,0.011581,0.011633,0.011698,0.011458,0.010577,0.108721,0.116231,0.113550,0.216989,0.238504,0.209800,0.178502,0.080996,0.034635,0.097941,-0.006880,-0.032941,-0.139081,-0.097421,-0.102681,-0.036765,-0.051653,-0.001219,-0.004184,0.090189,0.084187,0.044467,0.009603,-0.017132,-0.023754,-0.106444,-0.157917,-0.156050,-0.053918,-0.040541,-0.011707,0.029566,0.066760,0.180526,0.133293,0.082985,0.127102,0.032491,-0.025958,0.088953,0.098994,0.030174,-0.032045,-0.172779,-0.118861,-0.118219,-0.115263,-0.041857,-0.022884,-0.026777,0.000414,0.010566,0.019657,0.014399,-0.002306,-0.077048,0.089091,0.113099,0.113373,0.123933,0.096792,0.119333,0.138890,-0.055343,-0.033945,0.072095,0.200582,0.156526,0.238008,0.058389,0.071688,-0.047066,0.041462,-0.089628,-0.075249,-0.092477,-0.090575,-0.085671,-0.019441,-0.021024,0.064167,0.054884,0.099384,0.207803,0.215923,0.169051,0.187476,0.272537,0.329903,0.152535,0.011544,0.010649,0.011391,0.010992,0.011372,0.012182,0.013477,0.013932,0.013108,0.011760,0.011747,0.010265,0.009666,0.008505,0.007738,0.009129,0.008867,0.008644,0.009522,0.008752,0.009684,0.009845,0.009777,0.009507,0.009371,0.009338,0.009827,0.009049,0.008803
0.010396,0.010772,0.010082,0.010706,0.011061,0.010578,0.010871,0.011719,0.011360,0.009880,0.010236,0.010169,0.010884,0.010343,0.010253,0.010385,0.011228,0.010349,0.011734,0.010029,0.011104,0.010989,0.010751,0.010968,0.073626,0.215658,0.258868,0.247596,0.289719,0.261751,0.200927,0.149650,0.061493,-0.030018,-0.065534,-0.159262,-0.094210,-0.070877,-0.061483,-0.098510,-0.004430,0.023820,0.052563,0.047867,0.043055,0.039326,0.023964,-0.010041,-0.043263,-0.110856,-0.075401,-0.128922,-0.165031,-0.039915,-0.016944,-0.003785,0.018143,0.032606,0.131320,0.090925,0.080190,0.142897,0.045769,0.017383,0.104434,0.256489,0.261637,0.088840,-0.047220,-0.008105,0.006416,-0.011901,-0.003497,0.008419,0.005092,0.017102,0.016983,-0.014835,-0.042392,0.017855,-0.016621,0.068297,-0.010425,0.012518,0.009685,-0.056387,0.002566,0.026901,-0.214676,-0.112503,0.012612,0.155040,0.132581,0.189740,0.174723,0.189148,0.119040,0.177635,-0.002630,-0.057223,-0.100551,-0.166428,-0.175154,-0.129012,-0.098242,-0.020746,0.044952,0.160059,0.212657,0.185182,0.115511,0.151823,0.204471,0.214898,-0.008282,-0.007846,0.103756,0.010399,0.010316,0.010718,0.011311,0.012529,0.012087,0.010933,0.010244,0.010586,0.009503,0.008682,0.007932,0.007625,0.008720,0.008397,0.008669,0.009105,0.008691,0.009366,0.009782,0.009431,0.009576,0.009119,0.009996,0.010944,0.010572,0.009799
0.008144,0.009194,0.008917,0.010010,0.010781,0.010274,0.011373,0.012414,0.012125,0.010898,0.011221,0.011216,0.011690,0.011743,0.010911,0.010049,0.011030,0.010083,0.010706,0.010145,0.010733,0.010691,0.010702,-0.072679,-0.026244,0.195498,0.227925,0.273659,0.359707,0.350613,0.390179,0.384555,0.320261,0.255152,0.173878,0.014471,0.085944,0.041880,0.039713,-0.013694,0.011374,0.036884,0.073770,0.057058,0.058172,0.056145,0.041316,-0.029558,-0.018647,0.028172,0.067616,-0.020006,-0.087065,-0.020092,-0.047427,-0.065281,-0.110908,-0.040098,0.127785,0.072760,0.055520,0.089073,0.034220,0.032470,0.069142,0.161045,0.168718,-0.001094,-0.026398,-0.006023,0.012477,0.002754,0.005795,0.000980,0.009075,0.017458,0.001078,-0.011486,-0.006913,0.003300,-0.035517,0.049127,-0.030682,-0.040901,-0.049006,-0.060385,0.026607,0.120471,-0.084210,0.032831,0.154198,0.322422,0.272559,0.149862,0.057060,0.125221,-0.059161,-0.080599,-0.166597,-0.141562,-0.043556,-0.128854,-0.112391,-0.081840,-0.075327,-0.011811,0.045853,0.146312,0.202292,0.164463,0.115142,0.196823,0.248396,0.221162,0.047586,-0.000925,0.081670,-0.049496,0.009882,0.010310,0.010697,0.011718,0.010669,0.009575,0.008934,0.009161,0.008471,0.008213,0.007601,0.007656,0.008997,0.008588,0.008605,0.008896,0.008839,0.009044,0.008851,0.008520,0.008663,0.008678,0.009488,0.010380,0.010538,0.010142
0.009946,0.010288,0.009955,0.010652,0.010685,0.009951,0.010652,0.011528,0.011983,0.010239,0.010121,0.010026,0.010446,0.010646,0.009569,0.008529,0.009448,0.009292,0.009974,0.009523,0.009764,0.077580,0.143701,-0.044579,0.068267,0.297407,0.309478,0.353197,0.377389,0.354193,0.435560,0.359543,0.253230,0.200700,0.065086,-0.014953,-0.040469,-0.066264,-0.060334,-0.069459,-0.033796,0.080111,0.125889,0.105917,0.130410,0.116506,0.093598,0.091225,0.088662,0.106600,0.133324,-0.009488,-0.058786,0.045976,-0.031000,-0.052984,-0.109902,-0.054138,0.239895,0.125793,-0.027427,-0.059810,-0.069223,-0.026105,0.049637,0.045148,0.075457,0.016065,-0.013646,0.005096,0.037241,0.045857,0.030714,0.030596,0.068434,0.099413,0.101578,0.058520,0.021441,0.031036,0.004588,0.022390,-0.013046,-0.029883,-0.097243,-0.048697,-0.007050,0.093292,-0.097114,0.044212,0.145748,0.385147,0.315910,0.245337,0.154604,0.191188,0.059320,0.076983,0.069155,0.041831,0.113479,0.028824,0.062583,0.073205,0.034465,0.054102,0.034628,0.083534,0.143026,0.094206,0.055482,0.203665,0.285508,0.344975,0.247537,0.190012,0.325293,0.153140,0.116766,0.011399,0.010676,0.011399,0.010642,0.009999,0.009364,0.009181,0.008292,0.008217,0.008001,0.008229,0.009336,0.008686,0.008854,0.009158,0.009774,0.009582,0.009172,0.008452,0.008708,0.008878,0.009738,0.010228,0.011173,0.010585
0.009501,0.010060,0.009406,0.009851,0.009433,0.008766,0.009839,0.010855,0.011253,0.009958,0.010907,0.011906,0.012493,0.011831,0.010900,0.009247,0.010118,0.009450,0.009986,0.009887,0.010332,0.182026,0.154747,0.006663,0.054849,0.219081,0.232767,0.275183,0.255441,0.233828,0.348182,0.322861,0.230346,0.163779,0.034761,-0.033147,-0.057146,-0.057259,-0.059729,-0.048337,0.008798,0.109401,0.154691,0.102062,0.103339,0.062972,0.065687,0.148684,0.156817,0.216765,0.197083,0.033731,-0.001340,0.117245,0.066842,0.049386,0.006684,0.089196,0.403090,0.257858,0.165845,0.071707,0.044564,0.043251,0.036126,0.004574,0.067355,0.031388,0.023724,0.049571,0.063121,0.060937,0.054532,0.024378,0.050300,0.088405,0.049484,0.043203,0.022898,0.025047,0.017712,0.046277,0.028436,0.009052,-0.037489,-0.020140,0.004737,0.077942,-0.065942,0.062207,0.140752,0.320251,0.219201,0.184006,0.053884,0.053333,-0.079022,-0.054643,-0.123915,-0.100003,-0.036317,0.015377,0.027992,0.081353,0.036029,0.078051,0.005051,0.018881,0.069940,0.028140,-0.010395,0.137105,0.158477,0.274880,0.238771,0.204033,0.332841,0.188274,0.081982,-0.037497,0.010059,0.011228,0.010450,0.009757,0.008739,0.009005,0.008255,0.008668,0.008236,0.008468,0.009233,0.008772,0.008869,0.009337,0.009336,0.009013,0.008838,0.008362,0.008915,0.009316,0.009984,0.011071,0.013362,0.012330
0.011086,0.010985,0.010885,0.011635,0.011563,0.010390,0.011554,0.012500,0.012549,0.010570,0.011084,0.011540,0.012208,0.011521,0.011049,0.010110,0.011035,0.009476,0.010110,0.009734,-0.051041,0.160142,0.211034,0.088821,0.143631,0.211810,0.186099,0.128788,0.084228,0.004209,0.068256,0.059542,0.047515,0.013362,0.020069,-0.001128,-0.033105,-0.041201,-0.055261,-0.041761,0.029118,0.127248,0.184925,0.063678,0.077091,0.013921,0.105705,0.172125,0.125740,0.197847,0.122493,-0.015962,-0.046063,0.007796,-0.044485,-0.030839,-0.066684,0.007745,0.264093,0.131599,0.139383,0.108466,0.086073,0.083451,0.058817,0.021830,0.081606,0.032201,0.008609,0.043214,0.062380,0.060442,0.053784,0.021796,0.048549,0.084987,0.045397,0.046695,0.014221,0.040462,0.037184,0.067957,0.046692,0.026840,-0.031165,-0.030887,-0.039405,0.027231,-0.077928,0.018809,0.048991,0.140344,0.009549,-0.022881,-0.190468,-0.226583,-0.302692,-0.312387,-0.336434,-0.280560,-0.187339,-0.077033,-0.007041,0.062582,0.043712,0.047943,0.014863,-0.028171,0.053478,0.035601,-0.020556,0.092835,0.087366,0.130798,0.128503,0.104715,0.244644,0.138630,0.085468,-0.020772,0.107639,0.010341,0.010307,0.009240,0.008563,0.008748,0.008142,0.008404,0.008074,0.007832,0.008545,0.008573,0.009006,0.009010,0.008900,0.009027,0.009073,0.008742,0.009407,0.009429,0.010340,0.011598,0.013200,0.013963
0.011593,0.011298,0.011293,0.011440,0.011282,0.009946,0.011254,0.013008,0.012286,0.010757,0.011432,0.011567,0.011970,0.011459,0.010772,0.010425,0.010401,0.009148,0.009634,0.009270,-0.094793,0.091146,0.081367,0.062780,0.178926,0.227951,0.129776,0.041184,0.010483,-0.061951,-0.074469,-0.002622,0.018552,-0.031765,-0.038906,-0.038887,-0.063198,-0.053384,-0.064488,-0.065314,0.006001,0.136345,0.148865,0.069328,0.098412,0.065584,0.133296,0.189027,0.111153,0.250786,0.151804,0.130102,-0.008434,0.043593,-0.035567,0.066394,0.015134,0.089503,0.150104,0.141401,0.171933,0.153680,0.125512,0.120482,0.099823,0.066353,0.113578,0.042327,0.020886,0.057748,0.068849,0.066352,0.059361,0.032395,0.055309,0.083636,0.042969,0.052631,0.016569,0.045620,0.040451,0.073468,0.058855,0.037395,-0.026090,-0.026544,-0.055951,-0.046653,-0.174063,-0.102314,-0.012236,0.077737,0.022308,0.005326,-0.049745,0.002137,-0.010881,-0.040320,-0.104036,-0.113309,-0.054920,-0.055566,-0.101477,-0.074803,-0.045025,-0.012087,-0.007091,-0.095578,0.012167,-0.051832,-0.064206,0.019423,-0.000903,0.099334,0.078376,0.100954,0.247526,0.245254,0.279161,0.188724,0.257221,0.140710,0.010500,0.008946,0.008413,0.008221,0.008536,0.008512,0.008209,0.008108,0.008766,0.008872,0.009449,0.008835,0.008509,0.008427,0.009038,0.009092,0.009475,0.010014,0.010939,0.012185,0.015804,0.015352
0.011089,0.010232,0.010452,0.010650,0.010683,0.010051,0.011326,0.013407,0.014267,0.012234,0.012207,0.012251,0.012433,0.011713,0.011005,0.010117,0.010679,0.009730,0.020590,0.085639,-0.070962,0.051341,0.024286,0.035820,0.160398,0.188812,0.103950,0.051738,0.048310,0.024105,0.033027,0.051299,0.070490,0.039534,0.023869,0.024861,-0.012810,-0.007034,-0.035763,-0.098120,-0.044965,0.034452,-0.003461,-0.023127,0.010583,-0.005363,0.072871,0.156472,0.074517,0.106120,0.043827,0.028345,-0.068587,-0.019863,-0.077330,-0.002093,0.057150,0.057159,0.111048,0.113870,0.128554,0.110074,0.090894,0.092599,0.084031,0.048598,0.072599,0.048106,0.054461,0.060127,0.064338,0.064618,0.057297,0.052418,0.058147,0.056313,0.044805,0.073365,0.034395,0.068861,0.045371,0.078911,0.073696,0.048276,-0.026784,-0.032560,-0.061809,-0.045382,-0.091190,-0.101877,-0.033921,0.086307,0.094335,0.073010,0.007821,0.054141,0.124049,0.068739,-0.044609,-0.038618,0.002662,0.068242,-0.044045,-0.085809,-0.032366,0.051110,0.028327,-0.016469,0.016192,-0.002506,-0.013742,0.089300,0.125990,0.204203,0.162110,0.172793,0.290480,0.285469,0.327620,0.206197,0.205713,0.124974,0.057955,0.009109,0.008630,0.008292,0.008295,0.008272,0.008188,0.008104,0.008735,0.009422,0.009602,0.008885,0.008632,0.008115,0.008104,0.007991,0.007801,0.008230,0.008763,0.009356,0.011804,0.011796
0.012334,0.011292,0.011276,0.010887,0.010392,0.009677,0.010504,0.011685,0.012708,0.011830,0.012303,0.012764,0.012990,0.012129,0.011106,0.009878,0.009794,0.031003,0.125268,0.141170,-0.020287,0.095485,0.125967,0.167091,0.258504,0.253239,0.218992,0.115390,0.137988,0.055686,0.023619,0.055687,0.047374,0.013658,-0.010999,-0.000685,-0.040771,-0.048117,0.012450,-0.081622,-0.011811,0.038215,-0.047366,-0.003494,0.027874,-0.044161,0.015188,0.063443,-0.021817,0.015834,-0.070818,-0.028521,-0.040129,0.001635,-0.022476,-0.009996,0.034785,0.034814,0.074460,0.083067,0.070111,0.055785,0.028841,0.035265,0.031760,0.013493,0.041619,0.048823,0.052173,0.073135,0.075318,0.083503,0.088409,0.087157,0.094876,0.090115,0.077881,0.116228,0.110845,0.137566,0.110257,0.131100,0.127186,0.094079,0.009621,-0.021060,-0.048191,-0.032266,-0.064260,-0.067124,-0.051827,-0.000310,0.043714,-0.005594,-0.089117,-0.077204,0.027295,0.052573,-0.048909,-0.011498,0.058203,0.143865,0.062230,-0.017041,-0.067029,0.048877,0.010990,-0.017789,-0.000423,0.046190,0.013536,0.030034,0.038599,0.159963,0.192939,0.216022,0.268054,0.205730,0.265195,0.168714,0.224574,0.084930,0.146633,0.009897,0.009702,0.009587,0.009419,0.009765,0.009688,0.008832,0.009381,0.010275,0.010071,0.009334,0.008874,0.008349,0.008377,0.008267,0.007549,0.007975,0.008349,0.009058,0.010669,0.010186
0.014553,0.011993,0.011651,0.011141,0.010262,0.009811,0.009879,0.010738,0.011896,0.010678,0.010720,0.010910,0.010815,0.010178,0.010091,0.009299,0.009845,0.046468,0.106740,0.134966,0.007237,0.040313,0.069371,0.101966,0.211809,0.226490,0.151043,0.030346,0.039378,0.050415,0.037619,0.072082,0.056809,0.027529,0.050434,0.065885,0.030142,0.085678,0.088171,-0.024658,0.012450,0.012874,-0.074513,-0.037283,-0.031204,-0.096451,-0.025134,0.036752,-0.111327,-0.131545,-0.154417,-0.144543,-0.067618,-0.042456,-0.039376,-0.022996,0.028259,0.034818,0.033930,0.044323,0.025892,0.008404,-0.022972,-0.017567,-0.024854,-0.010824,0.012039,0.017709,0.023176,0.036660,0.037367,0.041454,0.050630,0.044447,0.043701,0.033431,0.022320,0.045599,0.045995,0.060529,0.066379,0.068392,0.067672,0.045910,-0.024997,-0.061530,-0.100036,-0.096245,-0.101002,-0.120103,-0.091332,-0.061338,-0.005952,0.089069,0.026822,0.113127,0.196607,0.193462,0.034806,0.025021,0.023096,0.122669,0.051038,-0.025394,-0.046739,0.074167,0.003666,0.009009,-0.005131,0.052402,0.010231,0.028714,-0.011397,0.041379,0.045517,0.174212,0.209587,0.173455,0.265846,0.162438,0.226184,0.053673,0.051738,-0.047880,-0.053569,-0.048598,0.009152,0.013357,0.009817,0.008855,0.008773,0.009185,0.009197,0.008680,0.007672,0.007464,0.007573,0.007886,0.007824,0.007839,0.008626,0.009708,0.010789,0.010748
0.011843,0.011329,0.010918,0.010811,0.010701,0.009808,0.010258,0.010701,0.011239,0.010271,0.010838,0.011076,0.011289,0.009956,0.010440,0.009480,-0.007949,0.123300,0.092932,0.085042,-0.036496,-0.060466,-0.036058,0.046557,0.117842,0.155046,0.126855,0.081055,0.072525,0.073963,0.050268,0.074080,0.064622,0.039406,-0.035069,0.014624,-0.066694,0.019212,-0.026507,-0.092870,-0.069952,-0.062095,-0.099905,-0.011875,0.002576,0.025337,0.040805,0.147315,0.004396,-0.087675,-0.173178,-0.119284,-0.104793,-0.080594,-0.078517,-0.052383,0.043229,0.052516,0.054143,0.058689,0.032933,-0.000321,-0.037670,-0.038050,-0.049978,-0.039529,-0.017912,-0.016772,-0.009838,-0.003982,0.005944,0.013585,0.016591,0.014583,0.018622,0.014253,0.006323,0.020132,0.012584,0.026642,0.031256,0.033825,0.034212,0.046083,-0.016806,-0.052555,-0.082010,-0.084287,-0.085728,-0.104775,-0.099812,-0.086154,-0.048159,-0.044145,-0.045334,-0.037169,-0.007552,0.046179,-0.031033,0.008118,0.020066,0.033298,0.056952,-0.035124,0.004173,0.107552,0.051064,0.016468,-0.058116,0.034909,-0.001809,0.035836,0.028018,0.024187,-0.133039,-0.008675,0.047236,0.016605,0.117152,0.061979,0.151744,0.061807,0.122105,0.020755,0.097763,0.013200,0.060699,0.118540,0.057032,0.009171,0.009117,0.009177,0.009553,0.008956,0.007604,0.007540,0.007807,0.008335,0.008413,0.007872,0.008630,0.009811,0.009944,0.009986
0.014068,0.012354,0.012257,0.011843,0.011806,0.010421,0.010450,0.010689,0.011244,0.009993,0.010336,0.010740,0.011401,0.010090,0.010618,-0.003082,0.046995,0.195487,0.111853,0.162321,0.052682,-0.035036,0.072161,0.107898,0.157278,0.165733,0.045459,0.036717,0.005191,0.018597,0.012587,0.055149,0.047272,0.018299,-0.073670,-0.070648,-0.089453,-0.015501,-0.077997,-0.180893,-0.165260,-0.153462,-0.109666,-0.080131,-0.055178,-0.071144,-0.020486,-0.013615,-0.078089,-0.197279,-0.192927,-0.132134,-0.110153,-0.093427,-0.089000,-0.055811,0.054537,0.069623,0.073338,0.112922,0.088702,0.038528,-0.004555,-0.015532,-0.036628,-0.035818,-0.031740,-0.028792,-0.027549,-0.026469,-0.022739,-0.020880,-0.020242,-0.020296,-0.021735,-0.023676,-0.025291,-0.034751,-0.037571,-0.019799,-0.017372,-0.013781,-0.014590,-0.009908,-0.005608,-0.004890,-0.030800,-0.025530,-0.013307,-0.016700,-0.025248,-0.049229,-0.051502,-0.055739,-0.039494,-0.027640,-0.013682,0.002060,-0.003907,0.028951,0.046933,-0.026179,-0.036907,-0.111572,-0.019505,0.111372,0.117346,0.048181,-0.092589,-0.018652,-0.024940,0.004900,-0.008350,-0.008081,-0.076695,0.026616,0.018294,-0.000300,0.062427,-0.003548,0.022599,-0.058187,-0.015143,-0.014769,-0.023721,-0.050694,0.051763,0.160294,0.079547,0.089011,0.009036,0.009147,0.009538,0.008850,0.008346,0.008428,0.008222,0.008360,0.007984,0.007517,0.008146,0.008672,0.008733,0.008601
0.012518,0.010781,0.010983,0.010926,0.010997,0.009874,0.009643,0.009417,0.010289,0.009362,0.009795,0.010818,0.011932,0.010431,0.010783,-0.095317,-0.057722,0.120085,0.058830,0.119424,0.076645,-0.076274,0.006156,0.080831,0.030274,0.058254,0.000067,0.054954,0.020033,0.025011,0.033331,0.075713,-0.020116,-0.057686,-0.083173,-0.095331,-0.105664,-0.014580,-0.054102,-0.124475,-0.127374,-0.133463,-0.094188,-0.044194,-0.060129,-0.066539,-0.179892,-0.073547,-0.093997,-0.245906,-0.209000,-0.150441,-0.120419,-0.107647,-0.096924,-0.063016,0.065427,0.056481,0.059009,0.126531,0.108278,0.049219,-0.008830,-0.024260,-0.030551,-0.033707,-0.034487,-0.033831,-0.033176,-0.032156,-0.031144,-0.030466,-0.030804,-0.032878,-0.035095,-0.037452,-0.040076,-0.044754,-0.046132,-0.048035,-0.045922,-0.041813,-0.042253,-0.040034,-0.039364,-0.043229,-0.027312,-0.005626,0.019208,0.025115,0.019706,0.012693,0.017828,0.000944,0.025151,0.039844,0.066297,0.033879,0.009360,0.027435,0.064004,0.031881,0.005306,-0.096561,0.097631,0.282644,0.272241,0.233713,0.142994,0.193972,0.108610,0.046346,0.040266,0.021801,-0.062721,-0.045687,-0.060728,-0.145535,-0.072366,-0.084886,-0.090997,-0.128684,0.007288,0.076495,0.041299,-0.022232,0.078286,0.181249,0.161045,0.123424,0.009429,0.008763,0.009373,0.008811,0.008537,0.008484,0.007659,0.008170,0.008084,0.007694,0.008239,0.008844,0.009201,0.008996
0.011674,0.010083,0.010191,0.010569,0.010469,0.010218,0.010079,0.009595,0.010812,0.010205,0.009760,0.010541,0.010950,0.009722,0.009937,-0.101664,-0.076064,0.044339,0.005171,0.083827,0.078946,-0.036790,0.008228,0.021449,-0.040139,-0.066503,-0.029149,0.028524,0.000594,0.019641,0.026948,0.065476,-0.016199,-0.034483,-0.057074,-0.045648,-0.073142,0.031350,-0.007064,-0.160155,-0.247921,-0.183473,-0.157945,-0.024660,-0.140323,-0.079377,-0.059440,-0.062959,-0.089168,-0.235821,-0.208113,-0.166293,-0.122550,-0.107143,-0.079371,-0.064046,0.072944,0.065141,0.072281,0.156758,0.114670,0.036295,0.009907,-0.004879,-0.015597,-0.021794,-0.026601,-0.029270,-0.028449,-0.027160,-0.027342,-0.027632,-0.029207,-0.030373,-0.031604,-0.034093,-0.036952,-0.040000,-0.040942,-0.042254,-0.041707,-0.037901,-0.036579,-0.035619,-0.037403,-0.039866,-0.022407,-0.009235,0.010513,0.028585,0.017845,0.019579,0.017036,0.005291,0.016838,0.014992,0.017429,0.009358,-0.010250,-0.003300,0.042044,0.028468,0.026765,-0.060881,0.173742,0.326495,0.282024,0.230824,0.045317,-0.015157,0.007005,0.033036,0.039967,0.018136,-0.044818,-0.038368,-0.060983,-0.194643,-0.150812,-0.109669,-0.090779,-0.086890,0.071921,0.148482,0.097669,0.088660,0.132395,0.192748,0.142173,0.119738,-0.038202,0.009132,0.009108,0.008642,0.008580,0.008508,0.007559,0.007552,0.007475,0.007381,0.007999,0.008286,0.008382,0.008600
0.010915,0.010015,0.010138,0.010584,0.010634,0.009740,0.009749,0.009079,0.009794,0.009403,0.009266,0.009780,0.010730,0.009878,0.015968,-0.136303,-0.090532,-0.017608,-0.041993,-0.024953,0.041038,-0.066922,0.008279,-0.016797,0.018623,0.012606,0.025743,0.067615,0.028192,0.015846,0.009066,0.009200,-0.051623,0.033918,-0.044584,-0.029748,-0.060111,0.055649,0.100250,-0.026496,-0.144477,-0.067132,0.004822,0.123721,-0.010807,-0.076484,-0.062435,-0.063953,-0.080893,-0.138569,-0.134761,-0.080966,-0.034787,-0.017625,0.002253,0.025117,0.114095,0.112011,0.098098,0.134141,0.138239,0.089206,0.055091,0.033523,0.018290,0.008503,-0.004558,-0.013559,-0.011946,-0.011643,-0.014999,-0.017842,-0.021105,-0.019975,-0.018227,-0.020113,-0.021308,-0.019623,-0.018857,-0.014967,-0.020484,-0.021057,-0.018727,-0.017260,-0.017666,-0.015714,0.001365,-0.000158,0.016862,0.031875,0.016243,0.015633,0.007043,-0.011838,0.010846,0.004139,0.014082,0.025493,0.018939,0.022596,0.047489,0.024284,0.014914,-0.029015,0.172358,0.288388,0.234842,0.213356,0.077400,-0.001187,-0.022036,0.093651,0.082907,-0.000392,-0.050142,-0.026873,-0.035046,-0.146018,-0.058813,-0.040253,-0.005521,-0.010581,0.111647,0.216036,0.172488,0.099940,0.100759,0.155216,0.071463,0.065767,-0.136980,0.009145,0.009210,0.009203,0.009200,0.009050,0.008335,0.008266,0.008447,0.008089,0.008397,0.008556,0.008948,0.008980
0.010251,0.009505,0.009211,0.009181,0.009476,0.008801,0.008735,0.008757,0.009100,0.009009,0.008808,0.008853,0.009589,0.009096,0.015143,-0.127730,-0.034727,-0.026044,-0.092063,-0.042902,-0.000540,-0.146621,0.009216,0.009257,0.006570,0.014383,0.033665,0.058591,0.031935,0.015070,-0.008808,0.001157,0.056885,0.164111,0.107102,0.077443,0.069303,0.215229,0.241719,0.047642,-0.052906,-0.086429,0.038355,0.037167,-0.050379,-0.030173,-0.017555,-0.013282,-0.024530,-0.084192,-0.085558,-0.052704,-0.039582,-0.019845,-0.005894,0.001321,0.128015,0.131237,0.132440,0.138910,0.145093,0.149768,0.150798,0.150099,0.147453,0.142597,0.087567,0.055654,0.055636,0.054509,0.034569,0.019325,0.006760,0.014700,0.027451,0.026918,0.027781,0.046971,0.049457,0.080024,0.051709,0.049909,0.049304,0.031207,0.032643,0.053209,0.056877,0.049959,0.044346,0.050895,0.029235,0.020400,0.005850,-0.012009,0.003475,-0.001365,0.002200,-0.016067,-0.006985,0.001523,-0.005131,-0.028883,-0.027224,-0.023024,0.164414,0.306909,0.220132,0.277465,0.162484,0.048102,-0.016352,0.011734,0.035253,0.037428,-0.030401,-0.004257,-0.002297,-0.049190,-0.058561,-0.107204,-0.085184,-0.030885,0.125861,0.259125,0.167910,0.155031,0.170765,0.230948,0.123076,0.118682,-0.151727,-0.031951,0.009573,0.009515,0.010145,0.009671,0.008773,0.008672,0.009012,0.008899,0.009155,0.008863,0.009338,0.010082
0.010483,0.009891,0.009648,0.009730,0.010112,0.009472,0.009512,0.009174,0.009298,0.009800,0.009261,0.008895,0.010042,0.009568,0.015447,-0.111233,-0.038998,-0.071444,-0.173381,-0.148501,-0.090029,-0.176060,0.008987,0.010689,-0.036202,-0.034047,-0.006139,0.036078,0.002713,-0.007449,-0.045018,-0.046850,-0.038904,0.103921,0.058014,0.009381,-0.008673,0.089201,0.148056,-0.021061,-0.011904,0.023804,0.004478,0.007202,0.005755,0.032820,0.030338,0.026597,0.012356,-0.048599,-0.057975,-0.069958,-0.090033,-0.095028,-0.099362,-0.113984,0.165162,0.166027,0.161254,0.159971,0.160074,0.161410,0.160868,0.157076,0.154093,0.150243,0.147520,0.144544,0.141770,0.140883,0.142119,0.143315,0.145455,0.147832,0.148111,0.147670,0.149600,0.149678,0.148480,0.147991,0.148956,0.152531,0.153581,0.152009,0.149526,0.151309,0.149833,0.111745,0.108552,0.107255,0.070146,0.068240,0.043573,0.019755,0.018242,-0.001938,0.006039,-0.007782,-0.002830,0.005095,0.000466,-0.023767,-0.021464,0.043583,0.189121,0.340293,0.236967,0.285836,0.241741,0.084797,-0.019912,-0.006160,-0.036780,0.065400,-0.019568,-0.004182,-0.009497,-0.051915,-0.067780,-0.086160,-0.075298,-0.000910,0.081947,0.136977,0.089510,0.074975,0.060113,0.188356,0.105316,0.118371,-0.092250,-0.076257,0.010909,0.010821,0.012558,0.010869,0.009492,0.008466,0.008372,0.008914,0.008836,0.008088,0.008705,0.009306
0.010929,0.010147,0.010042,0.009809,0.009535,0.009247,0.009567,0.009317,0.009717,0.010232,0.009686,0.009328,0.010393,0.010417,0.001995,-0.107823,-0.006029,-0.122471,-0.208081,-0.128468,-0.117760,-0.206682,-0.098184,-0.078011,-0.043950,-0.038438,-0.027730,-0.014961,-0.041647,-0.052175,-0.097454,-0.007729,0.035497,0.158230,0.129650,0.052837,0.028990,0.177997,0.202087,0.089866,0.058086,0.077580,0.056424,0.041205,0.058215,0.063116,0.029145,0.023955,0.011605,0.019922,0.020919,0.018372,0.001724,0.025201,0.069748,0.184444,0.191234,0.181620,0.168155,0.164853,0.161867,0.161185,0.160563,0.158626,0.155560,0.153115,0.151741,0.151878,0.149895,0.148419,0.149612,0.153695,0.155802,0.156892,0.154260,0.152437,0.154598,0.155317,0.154894,0.154750,0.155923,0.159855,0.160712,0.159695,0.156908,0.155342,0.155040,0.154839,0.152385,0.155308,0.082417,0.073659,0.059610,0.032280,0.031579,0.002088,0.011669,-0.010038,-0.008715,-0.006567,-0.014717,-0.023944,-0.022792,-0.032471,0.068460,0.283610,0.147694,0.195988,0.204606,0.103697,0.081833,0.082644,0.015298,0.006496,0.074711,0.066157,0.062835,0.023338,0.023708,0.002916,0.015750,0.014287,0.098160,0.078491,0.059673,0.101800,0.099378,0.217179,0.218507,0.153998,-0.065580,-0.072846,0.009393,0.009322,0.010320,0.009104,0.008005,0.007415,0.007300,0.008249,0.008165,0.007646,0.008837,0.009657
0.010154,0.010211,0.009309,0.009234,0.009107,0.008985,0.009676,0.009069,0.008931,0.010266,0.009572,0.008999,0.009109,-0.003921,-0.011020,-0.112635,-0.054301,-0.230429,-0.296176,-0.214344,-0.248961,-0.228873,-0.070557,-0.017953,-0.014295,-0.011041,-0.014025,0.005711,-0.033033,-0.046536,-0.132390,0.010240,0.085356,0.199202,0.177185,0.152082,0.102777,0.211998,0.210282,0.113608,0.028855,0.038494,0.036164,0.035582,0.050347,0.052914,0.027829,0.027055,0.024368,0.026302,0.029150,0.029190,0.022365,0.054791,0.187570,0.203484,0.201644,0.191145,0.174367,0.164208,0.158174,0.157232,0.157062,0.157122,0.158020,0.159613,0.163264,0.163390,0.160319,0.157308,0.156565,0.157324,0.156695,0.156826,0.155274,0.153180,0.155222,0.157308,0.158879,0.159479,0.160127,0.163519,0.166333,0.167288,0.165294,0.163995,0.162689,0.161677,0.158982,0.159798,0.156808,0.132338,0.116158,0.076173,0.050931,0.011170,0.014718,-0.009284,-0.009116,-0.007455,-0.013460,-0.017747,-0.009844,-0.023927,-0.009518,0.133948,-0.000167,0.099143,0.144425,0.071141,0.087563,0.122307,0.052000,-0.031235,0.056899,0.127330,0.041464,-0.010803,-0.022186,-0.026545,-0.032995,-0.016663,0.075309,0.052569,0.111747,0.098442,0.018472,0.190823,0.175946,0.062680,-0.102915,-0.126071,0.042875,0.009128,0.009640,0.008690,0.007925,0.007701,0.007948,0.008962,0.008919,0.008527,0.010022,0.011015
0.011776,0.011263,0.009542,0.009178,0.008745,0.008625,0.009362,0.009022,0.009348,0.010911,0.010252,0.009423,-0.039320,-0.054094,-0.034022,-0.035599,0.035542,-0.199117,-0.256564,-0.182622,-0.288220,-0.192394,-0.078554,-0.040242,0.006940,0.009839,-0.021780,-0.000318,-0.044601,-0.061025,-0.160273,0.031491,0.179897,0.323640,0.238063,0.224320,0.190033,0.262368,0.241272,0.145006,0.016008,0.023815,0.028547,0.028083,0.036223,0.038304,0.018659,0.020146,0.026048,0.027709,0.031980,0.050706,0.049283,0.205251,0.201262,0.205964,0.202720,0.196212,0.180612,0.170757,0.164173,0.158471,0.155243,0.151727,0.149412,0.148280,0.149861,0.146713,0.143934,0.145216,0.146018,0.148113,0.150196,0.151905,0.155145,0.157844,0.157834,0.161736,0.164956,0.165885,0.166061,0.167396,0.167453,0.166856,0.163629,0.159205,0.160291,0.163363,0.160445,0.156191,0.149800,0.135155,0.119067,0.073645,0.036563,0.004210,0.008536,-0.013647,-0.011725,-0.009921,-0.016963,-0.022405,-0.008930,-0.026971,-0.012938,0.020548,-0.046736,0.050991,0.141644,0.060940,0.159798,0.214490,0.183452,0.088941,0.087563,0.083170,0.031793,0.002582,-0.001980,-0.004707,-0.023798,-0.009433,0.068164,0.040747,0.060228,0.113242,0.020002,0.282251,0.289546,0.176192,0.031330,0.007832,0.055717,0.010504,0.011376,0.009824,0.008545,0.007974,0.008087,0.008968,0.008940,0.008477,0.010055,0.011296
0.011564,0.011611,0.009765,0.009222,0.009062,0.008415,0.008917,0.008782,0.009078,0.010392,0.010690,0.010613,-0.011237,-0.054247,0.015713,0.037120,0.118745,0.003705,-0.029577,-0.037618,-0.148829,-0.108706,-0.001752,0.066678,0.021209,0.016820,-0.018386,0.016706,0.043762,-0.065981,-0.107052,0.054374,0.148716,0.192863,0.106417,0.117972,0.041655,0.098383,0.074793,0.040782,0.062673,0.067130,0.026803,0.025167,0.029258,0.026045,0.016264,0.005940,0.017036,0.020776,0.047260,0.235546,0.246334,0.228349,0.216648,0.217520,0.212328,0.204746,0.187477,0.178722,0.166979,0.159010,0.152247,0.148525,0.146411,0.146129,0.147483,0.146269,0.144117,0.145109,0.145385,0.144691,0.143701,0.142875,0.143410,0.144789,0.144213,0.144222,0.147846,0.151528,0.153899,0.153592,0.154994,0.157581,0.156674,0.152744,0.151830,0.153508,0.154738,0.149315,0.138964,0.127823,0.116781,0.062473,0.027051,0.005749,0.009309,-0.012925,-0.012804,-0.010418,-0.013753,-0.022337,-0.015305,-0.030747,-0.017008,-0.009492,-0.035228,0.069115,0.250407,0.189950,0.232580,0.355317,0.341397,0.190629,0.129184,0.096820,0.086027,-0.008072,-0.007081,-0.005687,-0.006738,0.016461,0.087046,0.054377,0.050641,0.055606,-0.027751,0.149435,0.165277,0.079600,0.024187,0.006935,0.116301,0.010238,0.011633,0.009894,0.008483,0.007943,0.008386,0.009052,0.008678,0.008213,0.009384,0.010384
0.011966,0.012603,0.010001,0.008980,0.008699,0.008338,0.008649,0.008741,0.008708,0.010146,0.011438,0.011449,-0.037392,-0.056579,0.003099,0.076255,0.157384,0.103352,-0.000906,0.086822,-0.099649,-0.039980,-0.008444,0.073903,-0.016259,0.017223,0.003913,-0.002965,0.046494,-0.038036,-0.096684,0.012044,0.071696,0.092803,0.069433,0.028162,-0.033968,0.046357,0.027568,0.038986,0.053136,0.062042,0.027116,0.023488,0.026222,0.028072,0.011232,-0.001203,0.013407,0.037026,0.285633,0.292028,0.265942,0.238093,0.221742,0.215489,0.203866,0.193635,0.182694,0.180295,0.171469,0.163227,0.153766,0.150694,0.149631,0.148903,0.148767,0.146812,0.143266,0.143936,0.140592,0.138308,0.136032,0.133286,0.132956,0.134809,0.134540,0.135591,0.138694,0.142065,0.143962,0.143059,0.144188,0.145759,0.144689,0.143466,0.143962,0.145253,0.147901,0.142936,0.137977,0.130176,0.119452,0.109111,0.015700,-0.004379,-0.006463,-0.026437,-0.025178,-0.026211,-0.031851,-0.035815,-0.030019,-0.037761,-0.017867,-0.010915,0.007082,0.104894,0.223110,0.135681,0.189488,0.340823,0.351933,0.229698,0.214763,0.137898,0.069897,0.016147,-0.022754,-0.013817,-0.002972,0.017375,0.086920,0.062313,-0.016036,-0.024866,-0.086918,0.079367,0.139097,0.075981,0.041726,-0.035092,0.106817,0.010016,0.011839,0.010739,0.008971,0.008424,0.009018,0.009522,0.009458,0.009313,0.011186,0.012254
0.011673,0.011544,0.009779,0.009325,0.009070,0.009074,0.009370,0.009070,0.009439,0.011263,0.012108,0.011706,-0.039321,-0.052476,0.010614,0.066276,0.079932,0.088020,-0.018093,0.110684,-0.031652,0.048461,0.084050,0.104645,-0.011988,0.010267,-0.026675,-0.024022,0.024294,-0.089127,-0.113906,-0.002930,0.009047,0.094240,0.088621,0.032332,-0.000019,0.014558,0.025699,0.039732,0.051725,0.054217,0.022455,0.020812,0.029736,0.028708,0.001092,-0.010408,0.027370,0.228129,0.265344,0.270869,0.259620,0.235827,0.219092,0.215476,0.206116,0.196428,0.186538,0.182928,0.178313,0.170255,0.158832,0.149662,0.142093,0.136921,0.131306,0.124795,0.119225,0.120450,0.120461,0.121836,0.123087,0.124386,0.126826,0.131395,0.130798,0.131513,0.133793,0.136454,0.138298,0.139949,0.142463,0.142204,0.141846,0.140389,0.140309,0.142583,0.146360,0.143906,0.143228,0.134168,0.124368,0.117078,0.020183,-0.008799,-0.008476,-0.008683,-0.007647,-0.007669,-0.012659,-0.016251,-0.006360,-0.015305,-0.005152,-0.000081,0.012110,0.057117,0.117272,-0.003181,0.043623,0.240938,0.259638,0.181427,0.196647,0.209790,0.164895,0.061697,0.003474,0.017326,0.026021,0.058466,0.073350,0.050693,-0.045739,-0.087074,-0.116247,0.032187,0.072284,0.033772,0.064334,-0.009932,0.091712,0.008772,0.009938,0.009351,0.008190,0.007957,0.008222,0.008867,0.008850,0.008733,0.011467,0.012123
0.011482,0.011614,0.009292,0.008492,0.007897,0.007568,0.007825,0.008127,0.008320,0.009687,0.011436,0.011832,0.004052,0.008615,0.072828,0.075378,0.101586,0.188351,0.114004,0.225612,-0.002208,0.055497,0.091733,0.106155,0.020333,0.033773,0.010494,0.021871,0.035862,-0.062474,-0.127195,-0.021900,-0.055320,-0.039258,-0.048063,-0.075316,-0.061374,0.049388,0.062315,0.075629,0.083957,0.081726,0.058814,0.025791,0.032443,0.034149,0.009125,0.008942,0.192232,0.222732,0.254797,0.268041,0.270490,0.256325,0.234060,0.223870,0.209473,0.194811,0.180031,0.171355,0.165456,0.158690,0.147692,0.138059,0.129230,0.122837,0.115471,0.111933,0.109336,0.110111,0.109917,0.111020,0.113393,0.115840,0.116057,0.117745,0.118275,0.119529,0.122741,0.125430,0.129770,0.132542,0.133664,0.131828,0.132428,0.131833,0.131167,0.131594,0.134072,0.132987,0.138686,0.137151,0.130096,0.128147,0.016353,-0.006040,-0.011641,-0.014867,-0.014162,-0.012988,-0.015155,-0.016026,-0.011048,-0.013386,0.002140,0.013640,0.048494,0.051064,0.058667,-0.017024,0.031035,0.230648,0.279214,0.205721,0.254140,0.283233,0.217533,0.088379,0.028259,-0.001948,0.020395,0.035922,0.036093,0.037463,-0.039113,-0.132216,-0.064783,0.076407,0.119762,0.032966,0.062750,0.030068,0.101780,0.018785,0.010959,0.011115,0.009887,0.009270,0.009765,0.010212,0.010268,0.010346,0.012854,0.013591
0.010082,0.009725,0.008170,0.007784,0.007619,0.007569,0.007373,0.007743,0.008078,0.009468,0.010695,0.031999,0.030263,0.043008,0.093928,0.068624,0.076695,0.082018,0.030094,0.200338,0.037956,0.096217,0.124826,0.035484,-0.034819,-0.038573,-0.053924,-0.022011,0.012675,-0.077021,-0.083693,0.019283,0.029404,0.013990,0.078985,0.026920,0.097927,0.088046,0.100359,0.105753,0.112729,0.115118,0.083554,0.000824,-0.002418,-0.009327,0.010143,0.027794,0.238415,0.234153,0.254063,0.258650,0.256595,0.252748,0.228579,0.214204,0.196317,0.179093,0.166464,0.158616,0.148787,0.141704,0.133621,0.128874,0.123257,0.119913,0.114541,0.113852,0.113801,0.113153,0.111963,0.113015,0.114490,0.116869,0.115528,0.117545,0.116877,0.117170,0.117563,0.117114,0.117985,0.119230,0.115884,0.115646,0.117016,0.117238,0.117409,0.119922,0.124776,0.130171,0.140685,0.143878,0.147047,0.152126,0.013287,-0.006415,-0.010150,-0.012122,-0.011387,-0.009890,-0.010930,-0.012384,-0.003060,-0.002903,0.008266,0.020107,0.051026,0.057301,0.047188,0.030620,0.019537,0.196418,0.317970,0.240876,0.288552,0.354018,0.261825,0.118616,0.045402,0.027561,0.030494,0.038334,0.028627,0.041555,0.040792,-0.067989,-0.049116,0.076186,0.029624,-0.057016,0.027615,-0.001608,0.085668,0.020861,0.012467,0.011878,0.010959,0.009799,0.010923,0.010915,0.011507,0.011225,0.014313,0.015696
0.009981,0.009502,0.008393,0.008322,0.008462,0.008353,0.008067,0.008701,0.009344,0.010275,0.011141,0.020939,0.028444,0.070198,0.113211,0.081756,0.089295,0.166042,0.127352,0.275639,0.127133,0.171704,0.169176,0.066874,0.049377,0.028000,-0.014169,0.004542,-0.018468,-0.068196,-0.099581,-0.087968,-0.137466,-0.077447,-0.010098,0.040492,0.131468,0.116664,0.124443,0.127217,0.144362,0.141547,0.102226,0.007805,0.004701,-0.002403,0.028483,0.026913,0.264637,0.253166,0.262033,0.258245,0.243952,0.237628,0.222236,0.206766,0.190607,0.177813,0.168014,0.161490,0.151672,0.145112,0.038564,0.016065,0.006783,0.001338,-0.002492,-0.004657,-0.006251,-0.006672,-0.002849,-0.001697,-0.001570,-0.001367,-0.002735,-0.002440,0.000594,-0.000714,0.002504,0.009256,0.020188,0.044069,0.117401,0.120378,0.123637,0.125143,0.040051,0.040102,0.039122,0.038509,0.018105,0.016961,0.016096,0.035099,0.006513,-0.005088,-0.008367,-0.009759,-0.009264,-0.007156,-0.008469,-0.015140,-0.008503,-0.009281,-0.001206,0.004866,0.027713,0.046148,0.039239,0.025247,-0.055546,0.114429,0.256250,0.243977,0.234665,0.271245,0.208537,0.087907,0.042748,0.058471,-0.005269,-0.112066,-0.119452,-0.137172,-0.111478,-0.208712,-0.066764,0.099842,0.163052,0.072263,0.155885,0.093790,0.067389,0.014922,0.012133,0.012400,0.011211,0.009692,0.010437,0.010897,0.010620,0.009681,0.011963,0.013979
0.009613,0.009520,0.008745,0.008862,0.009323,0.009129,0.008453,0.009299,0.009857,0.010382,0.010673,0.019550,0.096989,0.145777,0.151196,0.106555,0.121412,0.217574,0.183492,0.253572,0.124016,0.117026,0.116722,0.085227,0.053519,0.050948,0.013671,0.061412,0.061025,0.021628,-0.021868,-0.065018,-0.151579,-0.062650,0.009080,0.072489,0.169234,0.149724,0.149776,0.151186,0.158143,0.164999,0.117452,0.012563,0.009738,0.005369,0.026936,0.025924,0.332929,0.295329,0.278408,0.258694,0.237107,0.226641,0.206832,0.031765,0.014337,0.015730,0.008828,0.003493,-0.000299,-0.003233,-0.005652,-0.008009,-0.010795,-0.012418,-0.013181,-0.013376,-0.014056,-0.014745,-0.013420,-0.012748,-0.012652,-0.012587,-0.013802,-0.013187,-0.012373,-0.013216,-0.012348,-0.009482,-0.005795,0.000531,0.009488,0.019624,0.041468,0.137044,0.039407,0.038445,0.037718,0.037339,0.018125,0.017323,0.009269,0.008095,0.001441,-0.004055,-0.006781,-0.007868,-0.008012,-0.005180,-0.005993,-0.011154,-0.010068,-0.020423,-0.002022,0.014532,0.044860,0.060029,0.036459,0.009917,-0.010135,0.092958,0.184686,0.101092,0.140250,0.218443,0.102450,-0.046235,-0.059862,-0.015512,0.004572,-0.166637,-0.209778,-0.259423,-0.144860,-0.199587,-0.030807,0.073293,0.065815,-0.012805,0.075466,0.008421,0.053827,-0.001379,0.010483,0.011140,0.010483,0.009585,0.010732,0.011560,0.011679,0.010569,0.013177,0.014228
0.008386,0.008588,0.008502,0.008379,0.008687,0.009277,0.008933,0.009503,0.010212,0.009966,0.010276,0.019210,0.035800,0.101263,0.071237,0.038287,0.039805,0.122038,0.101796,0.202995,0.082245,0.053710,0.042074,-0.089352,-0.034604,0.014858,-0.024594,0.061728,0.075707,0.109439,0.082215,0.059786,-0.062742,-0.002790,-0.005534,0.033758,0.123788,0.084463,0.081257,0.105097,0.115242,0.154450,0.182108,0.019396,0.025104,0.419179,0.427548,0.461782,0.481997,0.410346,0.351924,0.311266,0.278600,0.251145,0.221596,0.012733,0.002183,-0.000451,-0.003232,-0.005911,-0.008307,-0.010530,-0.012056,-0.013499,-0.015311,-0.016653,-0.017384,-0.017446,-0.017824,-0.018098,-0.016982,-0.016428,-0.016253,-0.016148,-0.017064,-0.016776,-0.016974,-0.018252,-0.017669,-0.016044,-0.014261,-0.012090,-0.010368,-0.008473,-0.005494,-0.002671,-0.003962,-0.004034,-0.004128,-0.001865,-0.001370,-0.001241,-0.001945,-0.001150,-0.002350,-0.003954,-0.005769,-0.007028,-0.007293,-0.004430,-0.003074,-0.005253,-0.005500,-0.017913,0.006888,0.022021,0.056965,0.069648,0.037934,0.007627,-0.001051,0.009470,0.042211,0.031239,0.086735,0.149048,0.006717,-0.144915,-0.091150,-0.000098,0.055468,-0.107244,-0.111291,-0.165195,-0.078877,-0.203503,-0.038860,0.165124,0.179036,0.090782,0.108885,-0.022053,-0.032959,-0.002626,0.010975,0.011139,0.011767,0.011417,0.011626,0.012250,0.012528,0.011616,0.015265,0.015113
0.007709,0.008022,0.008036,0.008157,0.008052,0.008208,0.008284,0.008971,0.009500,0.009552,0.009631,0.005821,0.036355,0.045303,0.013215,-0.015942,-0.016652,0.042647,0.053125,0.165562,0.077215,0.071426,0.098659,-0.012233,0.019357,0.000745,-0.020547,0.075486,0.043584,0.043309,0.028640,0.060000,-0.069804,-0.032212,-0.025898,0.019933,0.103647,0.058007,0.064165,0.126452,0.140427,0.188107,0.268695,0.025739,0.332427,0.476580,0.490425,0.514447,0.515265,0.491674,0.411235,0.352357,0.316587,0.031663,0.012604,-0.000387,-0.003994,-0.005700,-0.007173,-0.009587,-0.011944,-0.013878,-0.015365,-0.016871,-0.018455,-0.019674,-0.020019,-0.019234,-0.018622,-0.018698,-0.017880,-0.017381,-0.017382,-0.017417,-0.019144,-0.019319,-0.019992,-0.021072,-0.020770,-0.019151,-0.017420,-0.015170,-0.013975,-0.012404,-0.010245,-0.008812,-0.009109,-0.009128,-0.009144,-0.007924,-0.006798,-0.006442,-0.006294,-0.005111,-0.004984,-0.004615,-0.005028,-0.005696,-0.005993,-0.002905,0.000417,0.002740,0.003092,-0.013254,0.011235,0.026607,0.070604,0.064383,0.043950,0.019440,0.002928,0.017520,-0.027845,-0.033907,-0.093432,0.002510,-0.114957,-0.238404,-0.167309,-0.082431,-0.011449,-0.102489,-0.154306,-0.171668,-0.123742,-0.198746,-0.007491,0.197140,0.164180,0.071116,0.092746,0.016943,-0.024546,-0.005501,0.009796,0.010107,0.010787,0.011006,0.010892,0.012154,0.011772,0.011287,0.014553,0.014608
0.007197,0.007746,0.007609,0.007761,0.007518,0.007456,0.007895,0.008463,0.009036,0.008872,0.009207,0.006325,0.036391,0.051311,0.032482,0.002494,0.004610,0.076214,0.068569,0.172524,0.049245,0.040131,0.067988,-0.054487,-0.001060,-0.073208,-0.125947,0.021115,-0.038261,0.001953,-0.019554,-0.000696,-0.057458,0.004013,0.011511,0.048008,0.118810,0.077596,0.087688,0.152927,0.143350,0.227507,0.406246,0.248322,0.370638,0.491017,0.501330,0.513474,0.485227,0.459774,0.396972,0.025705,0.008223,0.000321,-0.003169,-0.006605,-0.008330,-0.009689,-0.010215,-0.011821,-0.014094,-0.016013,-0.017329,-0.018350,-0.019127,-0.019883,-0.019778,-0.017844,-0.015839,-0.015920,-0.015919,-0.015417,-0.015272,-0.015190,-0.017470,-0.017917,-0.019429,-0.020750,-0.021036,-0.020294,-0.019272,-0.017454,-0.016774,-0.015370,-0.013482,-0.012272,-0.011970,-0.011623,-0.011275,-0.009856,-0.008123,-0.007280,-0.006818,-0.005733,-0.005242,-0.004238,-0.003608,-0.004224,-0.004692,-0.001660,0.001872,0.010304,0.008252,-0.016087,-0.014837,0.011912,0.074374,0.070911,0.046572,0.027560,0.018818,0.050115,0.098573,0.037738,-0.020540,0.015295,-0.144289,-0.253643,-0.200606,-0.190793,-0.110447,-0.204977,-0.259707,-0.222717,-0.198639,-0.250460,-0.056698,0.111861,0.117593,-0.014731,-0.054386,-0.046216,-0.014608,0.005436,0.010517,0.010656,0.011083,0.011355,0.011949,0.013194,0.012269,0.012113,0.015563,0.015956
0.006848,0.007168,0.007748,0.008259,0.008437,0.009320,0.009454,0.009963,0.010547,0.010378,0.009760,0.009645,0.009886,-0.008266,-0.030119,-0.076808,-0.063128,0.008373,0.018607,0.151102,0.067028,0.081801,0.121279,-0.028390,0.031308,-0.062594,-0.097828,0.125395,0.061230,0.081047,0.001348,-0.030632,-0.023654,0.061626,0.062662,0.087110,0.106805,0.072110,0.089181,0.156540,0.100462,0.187888,0.411848,0.360275,0.446516,0.448146,0.446495,0.456372,0.443241,0.424371,0.025815,0.001539,-0.003491,-0.006069,-0.007746,-0.009289,-0.010207,-0.010731,-0.010639,-0.011403,-0.012856,-0.013825,-0.014692,-0.014711,-0.013393,-0.012270,-0.010004,-0.006729,-0.002916,-0.002968,-0.004941,-0.004359,-0.004257,-0.004333,-0.006319,-0.005668,-0.009655,-0.011726,-0.014021,-0.015968,-0.016867,-0.016035,-0.016326,-0.015225,-0.013667,-0.012936,-0.011915,-0.011441,-0.010880,-0.009317,-0.007581,-0.007078,-0.005951,-0.005167,-0.004307,-0.003091,-0.002407,-0.002249,0.000818,0.005551,0.020572,0.021980,0.012789,-0.031457,-0.020081,0.010156,0.038179,0.045480,0.036376,0.015834,0.006305,0.013426,0.059760,0.028345,0.020629,0.041675,-0.083077,-0.115912,-0.149807,-0.213066,-0.145708,-0.258522,-0.304945,-0.280567,-0.257172,-0.211573,-0.020069,0.081080,0.102642,0.010178,-0.034773,-0.058949,-0.023434,-0.007268,0.009693,0.009598,0.009874,0.011150,0.011568,0.012407,0.011648,0.011500,0.015008,0.014935
0.007966,0.008305,0.008835,0.009017,0.008765,0.009327,0.009756,0.010034,0.010097,0.009421,0.009201,0.000146,-0.001562,-0.021757,-0.023450,-0.052483,-0.052643,0.103011,0.096365,0.095334,-0.014852,0.045232,0.122985,-0.019564,0.026418,-0.092140,-0.053913,0.182092,0.090756,0.086666,0.018291,0.024874,-0.008455,0.101714,0.092968,0.105428,0.090336,0.069493,0.095810,0.151497,-0.001103,0.048394,0.278258,0.330014,0.382267,0.378521,0.390007,0.393610,0.383536,0.030914,0.003607,-0.003761,-0.006514,-0.007871,-0.008810,-0.010078,-0.010106,-0.009485,-0.007659,-0.005841,-0.005226,-0.003300,-0.001823,-0.000288,0.007326,0.014163,0.026428,0.051991,0.130709,0.129928,0.054248,0.054737,0.054215,0.053969,0.052894,0.052640,0.027918,0.027149,0.014969,0.002683,-0.003099,-0.006426,-0.008656,-0.008812,-0.008156,-0.008821,-0.007117,-0.007812,-0.008389,-0.007788,-0.006231,-0.005636,-0.004850,-0.004678,-0.002734,-0.000536,0.001287,0.001885,0.004695,0.016524,0.133291,0.147555,0.027959,-0.058542,-0.029108,0.010576,0.037078,0.048774,0.037931,0.014461,0.003052,0.012833,0.055532,0.052874,-0.041886,0.034734,-0.033756,-0.019981,-0.050775,-0.162164,-0.139610,-0.276093,-0.295023,-0.269650,-0.301092,-0.272226,-0.114746,-0.008093,0.000622,-0.003668,-0.046883,-0.059535,-0.016404,-0.003844,0.010015,0.009843,0.009907,0.011990,0.012607,0.014123,0.012674,0.011987,0.014548,0.015624
0.007738,0.008113,0.008779,0.008795,0.008145,0.008529,0.008836,0.009264,0.009547,0.009046,0.008531,0.005998,0.003580,-0.013963,-0.016412,-0.047881,-0.039179,0.034077,0.013237,0.072818,-0.080705,-0.015232,0.066824,-0.110702,-0.094157,-0.190749,-0.153590,0.132464,0.029037,0.017805,0.013579,0.041576,-0.045449,0.054985,0.049369,0.059121,0.041250,0.035047,0.068735,0.144111,-0.012277,0.041235,0.210946,0.263748,0.356931,0.354193,0.347860,0.336385,0.026249,0.003431,-0.003747,-0.006433,-0.008114,-0.009108,-0.010095,-0.010781,-0.009744,-0.008426,-0.004868,0.002534,0.011035,0.041749,0.045722,0.048708,0.136664,0.140397,0.146038,0.150471,0.150054,0.149927,0.148284,0.145038,0.142722,0.143431,0.143150,0.145586,0.147227,0.147419,0.146787,0.055659,0.027060,0.013502,0.005927,0.001233,-0.001217,-0.005100,-0.004408,-0.005945,-0.005491,-0.005769,-0.004677,-0.003984,-0.002704,-0.001640,0.001055,0.001996,0.004374,0.006587,0.013221,0.137093,0.142603,0.149096,0.178085,-0.143666,-0.035348,0.039051,0.067547,0.068347,0.061976,0.031121,0.016459,-0.000562,0.024414,0.027191,0.004818,-0.051628,-0.145971,-0.032254,-0.003148,-0.100319,-0.102252,-0.246944,-0.212272,-0.185610,-0.280271,-0.296915,-0.222494,-0.091322,-0.099794,-0.096491,-0.112293,-0.055374,-0.012830,-0.001399,0.009532,0.008874,0.008989,0.010321,0.011506,0.011755,0.011239,0.011807,0.014100,0.014526
0.007998,0.008179,0.008439,0.008083,0.007495,0.007815,0.008420,0.009191,0.009035,0.008858,0.009031,0.003861,-0.001591,-0.010604,-0.017513,-0.039196,-0.042413,-0.024009,-0.171956,-0.028953,-0.158920,-0.069007,0.040426,-0.144885,-0.076044,-0.134549,-0.110561,0.138568,0.016741,-0.007869,0.040331,0.067272,-0.003834,0.067686,0.058209,0.057852,0.053448,0.059359,0.111277,0.167903,-0.021169,0.025099,0.213103,0.276743,0.335752,0.317511,0.303592,0.030480,0.003394,-0.003087,-0.005956,-0.007251,-0.007605,-0.008158,-0.008447,-0.007689,-0.004899,-0.001160,0.004807,0.020954,0.045570,0.145461,0.148047,0.150142,0.151289,0.150792,0.149343,0.148512,0.143361,0.143115,0.145231,0.143991,0.143436,0.144609,0.146648,0.152755,0.156446,0.153148,0.154473,0.154760,0.153165,0.150375,0.145924,0.142308,0.139426,0.042132,0.037606,0.033547,0.030263,0.013023,0.011708,0.010393,0.009190,0.008448,0.007651,0.006971,0.011564,0.011773,0.012927,0.148517,0.148358,0.150870,0.167191,0.146525,0.108041,0.079715,0.099965,0.098837,0.095597,0.067958,0.039671,0.020376,0.030686,0.021518,0.005268,-0.065863,-0.128542,-0.023996,-0.026680,-0.134972,-0.113803,-0.194759,-0.113069,-0.128283,-0.253217,-0.229972,-0.136777,-0.040712,-0.042705,-0.029099,-0.040319,-0.013211,0.031585,0.010814,0.009822,0.008788,0.008807,0.009894,0.010851,0.011521,0.010822,0.011176,0.013231,0.013270
0.009416,0.008894,0.009094,0.008794,0.007892,0.008154,0.008655,0.009633,0.009763,0.009746,0.009548,0.001406,0.001607,0.000128,-0.001973,-0.025564,-0.027032,-0.005477,-0.157668,-0.026130,-0.180201,-0.042634,0.109079,-0.109343,0.007763,-0.043907,-0.066505,0.164705,0.017839,0.013761,0.077995,0.079730,0.015292,0.074271,0.058816,0.057121,0.070731,0.095619,0.170107,0.232547,0.003178,0.176798,0.195882,0.244356,0.277600,0.262306,0.249658,0.011205,-0.002218,-0.005417,-0.006882,-0.007370,-0.007255,-0.006576,-0.004912,-0.001919,0.004450,0.019632,0.045750,0.154681,0.157255,0.159953,0.160683,0.158794,0.154086,0.152598,0.150441,0.149028,0.145717,0.146383,0.147610,0.147882,0.148119,0.147126,0.147851,0.153305,0.154144,0.154047,0.156947,0.157147,0.163573,0.166336,0.164222,0.163072,0.161785,0.157438,0.155151,0.156028,0.157116,0.157914,0.156140,0.149104,0.143769,0.142831,0.145344,0.149429,0.153578,0.156897,0.154220,0.146038,0.141593,0.141624,0.144203,0.126063,0.101838,0.103388,0.126008,0.097210,0.098206,0.074003,0.048884,0.024444,0.008867,-0.005159,-0.007894,-0.066834,-0.117119,-0.027903,-0.058484,-0.142564,-0.084103,-0.158995,-0.067232,-0.092512,-0.182599,-0.042115,0.016506,0.022534,0.006892,0.007651,-0.017523,0.008249,0.020783,-0.016341,0.010401,0.009135,0.008629,0.008893,0.010080,0.010776,0.010004,0.010173,0.012558,0.013479
0.009714,0.008969,0.009128,0.009105,0.008763,0.009457,0.010209,0.011244,0.012034,0.011907,0.011463,0.000675,-0.000019,0.004165,0.003861,-0.016556,-0.016385,-0.011855,-0.074674,-0.059412,-0.156223,-0.067096,0.066396,-0.133908,-0.017012,-0.060598,-0.094499,0.096516,-0.029369,-0.120250,0.020457,0.026816,0.040085,0.084222,0.084721,0.097833,0.124631,0.161798,0.266288,0.263151,0.045263,0.166577,0.178451,0.207990,0.227831,0.223280,0.211672,0.004880,-0.004715,-0.006861,-0.007995,-0.007561,-0.006437,-0.003849,-0.000376,0.008948,0.038552,0.155652,0.163615,0.168206,0.166374,0.164314,0.160824,0.155869,0.152813,0.152353,0.149452,0.148341,0.147528,0.151299,0.151996,0.151743,0.152726,0.152223,0.154881,0.157151,0.156033,0.156183,0.159429,0.159600,0.164669,0.165453,0.167275,0.169023,0.172913,0.172316,0.170697,0.175809,0.180503,0.183400,0.183267,0.173183,0.159632,0.154725,0.155666,0.152179,0.012198,0.006461,0.004401,0.003103,0.001908,0.001897,0.001808,0.005468,0.007976,0.033258,0.016133,0.027526,0.042848,0.034363,0.021430,0.011996,0.008844,-0.011648,-0.017336,-0.070623,-0.117401,-0.020599,-0.003681,-0.082026,-0.029285,-0.107201,-0.015646,-0.060380,-0.164099,-0.076070,-0.041428,0.016353,-0.019756,-0.011807,-0.054160,-0.011080,-0.004983,-0.005512,0.012424,0.009979,0.009494,0.009200,0.010537,0.010657,0.010471,0.010606,0.012965,0.013811
0.008711,0.008443,0.008888,0.009038,0.008886,0.009460,0.010430,0.010993,0.011216,0.011475,0.011125,-0.000021,-0.011961,-0.005267,-0.032885,-0.056057,-0.036725,-0.037787,-0.046637,-0.080294,-0.173892,-0.072681,0.017109,-0.103420,-0.009140,-0.038908,-0.048177,0.080673,-0.016100,-0.112691,-0.027382,-0.018864,-0.041082,-0.000083,0.017701,0.043735,0.079331,0.126449,0.223990,0.279924,0.139767,0.159768,0.172762,0.200067,0.212614,0.206988,0.196352,0.002707,-0.005625,-0.007998,-0.008902,-0.007266,-0.004899,0.000513,0.009165,0.039681,0.156332,0.166187,0.168004,0.168049,0.161803,0.161990,0.159032,0.155686,0.154071,0.156012,0.155082,0.154682,0.154091,0.155118,0.154439,0.154147,0.154227,0.153754,0.154443,0.154267,0.155151,0.155363,0.155816,0.155293,0.158270,0.161633,0.164825,0.166803,0.174927,0.180066,0.181479,0.188657,0.190356,0.196594,0.194112,0.188115,0.170913,0.161418,0.161733,0.153427,0.007251,0.003114,0.001232,-0.000123,-0.001369,-0.002141,-0.003519,-0.003396,-0.005574,0.004993,-0.001735,0.005465,0.024802,0.024041,0.020021,0.022447,0.021243,-0.006691,-0.011612,-0.054986,-0.103332,0.033338,0.057226,0.017709,0.002626,-0.046895,0.038054,-0.019784,-0.133294,-0.115263,-0.075452,0.043889,0.016571,0.046431,0.011436,0.007772,0.017477,-0.006375,0.013077,0.010734,0.010154,0.009651,0.010533,0.010821,0.010585,0.011164,0.012793,0.013042
0.009082,0.008751,0.009019,0.008944,0.008750,0.009034,0.009806,0.009697,0.009667,0.009736,0.009956,-0.000590,-0.013898,-0.006535,-0.038107,-0.040505,-0.012047,-0.016942,-0.006073,-0.064951,-0.140619,-0.131457,-0.065547,-0.089739,0.038313,0.025112,0.005470,0.035392,-0.007990,-0.064098,-0.034131,-0.032682,-0.044890,-0.018821,-0.003304,0.020066,0.051306,0.092714,0.165754,0.224010,0.142767,0.153425,0.157569,0.166554,0.171932,0.172801,0.168239,-0.000234,-0.007686,-0.010262,-0.010916,-0.008280,-0.003879,0.010291,0.039670,0.148509,0.163200,0.166886,0.162209,0.163925,0.157112,0.156713,0.155133,0.153155,0.154983,0.156651,0.153516,0.150972,0.149845,0.147741,0.145898,0.144485,0.144505,0.146617,0.149282,0.151641,0.154519,0.156030,0.157723,0.157643,0.159203,0.161096,0.162850,0.161005,0.167266,0.171594,0.178072,0.189330,0.190621,0.195953,0.192409,0.184612,0.166764,0.157103,0.160348,0.151636,0.004866,0.001181,-0.002125,-0.004316,-0.006007,-0.007250,-0.009051,-0.011214,-0.014741,-0.010672,-0.011448,-0.005025,0.002899,0.012013,0.020800,0.036421,0.045218,0.010945,0.012153,0.029322,-0.024167,0.089663,0.117050,0.112041,0.092611,0.080022,0.126642,0.088895,-0.066072,-0.088630,-0.073647,0.024540,0.004062,0.031914,0.003459,0.007722,0.008075,-0.013697,0.011975,0.010097,0.009327,0.008473,0.008931,0.009628,0.009141,0.009555,0.010846,0.011900
0.008401,0.008381,0.009002,0.008745,0.008671,0.009506,0.010267,0.010430,0.009771,0.010319,0.009996,-0.001351,-0.014855,-0.006708,0.020162,0.023130,0.037386,0.052590,0.083119,0.078346,-0.008614,-0.065238,-0.016095,0.100536,0.165317,0.138190,0.059884,0.020704,0.054299,-0.010948,-0.029946,-0.036015,-0.015209,-0.021403,-0.010358,0.005728,0.026253,0.048915,0.103139,0.068714,0.140383,0.145530,0.147054,0.149647,0.149996,0.156593,0.040675,-0.003555,-0.010004,-0.012331,-0.012382,-0.007907,-0.000850,0.038043,0.137487,0.150801,0.159190,0.157308,0.152648,0.153956,0.151378,0.152114,0.151212,0.148809,0.151684,0.151562,0.150634,0.147418,0.147600,0.143653,0.140880,0.139442,0.139392,0.140381,0.141834,0.142102,0.145981,0.150350,0.153564,0.155051,0.156546,0.157176,0.160607,0.159024,0.163812,0.166595,0.175329,0.192530,0.200153,0.204312,0.194417,0.184532,0.162746,0.148791,0.145504,0.017705,0.001734,-0.000945,-0.004455,-0.006449,-0.007502,-0.008191,-0.009625,-0.012617,-0.016764,-0.017066,-0.015760,-0.016052,-0.011307,0.007577,0.031649,0.068224,0.098994,0.061057,0.075052,0.070846,0.021542,0.067671,0.106207,0.105969,0.084737,0.095390,0.130954,0.114847,0.025184,0.001526,0.005157,0.043536,0.028086,0.035167,0.009134,0.005921,0.005695,-0.021520,0.012701,0.011141,0.010129,0.008498,0.008229,0.008792,0.008575,0.009298,0.010451,0.010348
0.007762,0.007546,0.008342,0.008186,0.008115,0.009306,0.009536,0.010519,0.010058,0.010658,0.010367,-0.001391,-0.014669,-0.007039,0.022437,0.028978,0.043701,0.058828,0.109978,0.029173,0.012085,-0.083612,-0.081975,0.142420,0.198060,0.129011,0.112533,-0.018713,0.115021,0.007521,-0.017208,-0.019518,0.030155,0.030422,0.042851,0.059931,0.082276,0.117411,0.160544,0.139476,0.137446,0.140030,0.141821,0.142226,0.137290,0.143084,0.021918,-0.005863,-0.011300,-0.013452,-0.012954,-0.006657,0.004221,0.124133,0.142699,0.152411,0.152635,0.150185,0.149400,0.149026,0.147748,0.146438,0.145453,0.144795,0.144980,0.142175,0.142006,0.138954,0.138185,0.134627,0.131674,0.130058,0.131099,0.131179,0.132079,0.133044,0.136085,0.140909,0.143195,0.144836,0.149158,0.149145,0.152632,0.152262,0.156547,0.160346,0.164803,0.180901,0.193013,0.201583,0.194004,0.182716,0.159026,0.140562,0.025168,0.006179,-0.002910,-0.004991,-0.007137,-0.007984,-0.007663,-0.007600,-0.008694,-0.011248,-0.014735,-0.017068,-0.013894,-0.006083,-0.003578,0.006808,0.023181,0.052029,0.085392,0.082843,0.116255,0.094916,0.043647,0.179700,0.156698,0.140031,0.152915,0.145963,0.189830,0.185660,0.060236,0.072359,0.058632,0.051993,0.046704,0.033551,-0.001191,-0.005491,-0.009119,-0.021108,0.012302,0.011172,0.010644,0.009240,0.008902,0.010236,0.010101,0.010479,0.011980,0.011755
0.008414,0.008320,0.009730,0.009958,0.009451,0.010965,0.010604,0.011577,0.011052,0.010788,0.009615,-0.001021,0.003449,0.006813,0.024547,0.102257,0.084418,0.114747,0.288709,0.177011,0.119232,0.030153,0.010140,0.259927,0.211544,0.063480,0.056549,-0.052701,0.211367,0.043185,0.018441,0.025784,0.027577,0.020220,0.025324,0.029904,0.034500,0.036254,0.051080,0.149106,0.142116,0.139623,0.141135,0.138148,0.128695,0.131600,0.024284,-0.006511,-0.012333,-0.014824,-0.014614,-0.008095,0.004419,0.127535,0.144949,0.149278,0.148546,0.147020,0.144703,0.143698,0.140272,0.138554,0.137853,0.136570,0.135824,0.131023,0.085636,0.057274,0.039229,0.025871,0.015649,0.006696,0.007176,0.015599,0.025550,0.037914,0.055513,0.083296,0.131753,0.135511,0.140066,0.141722,0.147535,0.147440,0.149984,0.151950,0.156672,0.172685,0.183303,0.189821,0.186234,0.175000,0.155317,0.135497,0.014083,0.002026,-0.005880,-0.007021,-0.007641,-0.007283,-0.005910,-0.004970,-0.005362,-0.007233,-0.009552,-0.011117,-0.004006,-0.003295,-0.008768,-0.009147,-0.004593,0.011761,0.040170,0.051944,0.098248,0.068800,0.029657,0.278402,0.220175,0.184444,0.160830,0.156609,0.208620,0.219914,0.043135,0.054090,0.030007,0.018116,0.012169,-0.013276,-0.045773,-0.031471,-0.029816,-0.019498,0.012132,0.010784,0.010644,0.009232,0.009364,0.010432,0.010309,0.010944,0.012774,0.012547
0.008588,0.009121,0.010837,0.010786,0.009759,0.011560,0.011547,0.012847,0.012306,0.012170,0.010488,-0.001919,0.004069,0.004035,0.103588,0.193145,0.191318,0.242871,0.442964,0.292353,0.207465,0.076986,0.038461,0.339833,0.218545,0.016274,0.074198,0.000084,0.437239,0.104615,0.105115,0.106355,0.072515,0.066132,0.058670,0.049334,0.037240,0.013255,0.029040,0.142124,0.136511,0.132858,0.131982,0.130585,0.121959,0.124185,0.025627,-0.006842,-0.013428,-0.016517,-0.016961,-0.010587,0.005519,0.129769,0.140465,0.144726,0.144030,0.142493,0.141065,0.137406,0.135023,0.131854,0.089356,0.060790,0.042368,0.030044,0.010186,-0.001929,-0.009988,-0.014039,-0.018054,-0.020754,-0.021800,-0.017914,-0.014749,-0.007550,0.001960,0.016595,0.040112,0.060857,0.089000,0.135338,0.139960,0.141376,0.143406,0.144451,0.146606,0.159145,0.167228,0.176638,0.181067,0.170606,0.148206,0.038286,0.004718,-0.003853,-0.009299,-0.009028,-0.008074,-0.006098,-0.002174,0.004196,0.015432,0.008233,0.010526,0.014731,0.046020,0.049532,0.033497,0.025123,0.022127,0.027408,0.039133,-0.003895,0.014804,0.004092,-0.018230,0.332723,0.279341,0.263145,0.247369,0.260026,0.291483,0.306124,0.050141,0.067135,0.057616,0.052707,0.049039,0.024840,0.007423,0.015073,0.024606,0.015613,0.010238,0.009935,0.010295,0.009384,0.009766,0.010718,0.010843,0.011257,0.011799,0.011102
0.008358,0.009365,0.011811,0.011379,0.010012,0.012036,0.012766,0.014127,0.013428,0.013234,0.011372,0.013570,0.046688,-0.022843,0.156176,0.239491,0.271456,0.322130,0.478335,0.313085,0.227935,0.111745,0.082788,0.332069,0.175629,-0.030017,0.044300,0.072522,0.521165,0.110784,0.111304,0.115795,-0.011430,-0.015630,-0.018621,-0.028543,-0.044918,-0.078774,-0.078910,0.103519,0.131982,0.132292,0.130818,0.126273,0.117287,0.118150,0.015039,-0.008600,-0.015213,-0.018559,-0.018400,-0.010582,0.012533,0.130132,0.138709,0.142046,0.142516,0.139242,0.137546,0.132097,0.128865,0.090532,0.041903,0.015391,0.001122,-0.007251,-0.017800,-0.025232,-0.028505,-0.030061,-0.031744,-0.032617,-0.033357,-0.031353,-0.029837,-0.026103,-0.022083,-0.014992,-0.005256,0.006398,0.023881,0.057663,0.086672,0.136500,0.140478,0.141796,0.144684,0.153682,0.160975,0.170296,0.174758,0.166323,0.146518,0.021779,-0.002907,-0.009776,-0.012832,-0.011391,-0.009321,-0.006291,-0.000822,0.016239,0.127604,0.121060,0.109114,0.104036,0.079453,0.092949,0.058894,0.044473,0.040399,0.042518,0.043726,-0.033970,-0.019730,-0.020814,-0.031041,0.192853,0.139600,0.129552,0.115001,0.134287,0.161525,0.179515,0.037825,0.048960,0.066983,0.048852,0.055606,0.040145,0.030655,0.024335,0.028617,0.007158,0.009625,0.009657,0.010532,0.009862,0.009746,0.010759,0.010338,0.010901,0.010854,0.009818
0.010574,0.011631,0.014098,0.013195,0.010481,0.012153,0.012391,0.012871,0.012816,0.013073,0.011373,0.028005,0.069069,-0.009777,0.242453,0.365388,0.397367,0.340177,0.425086,0.277584,0.264562,0.101428,0.037162,0.229707,0.139457,-0.005969,0.109180,0.111714,0.459002,0.097071,0.100583,0.101798,0.044731,0.031124,0.030167,0.025050,0.017897,0.003725,0.006776,0.093360,0.132397,0.132099,0.132502,0.125187,0.114871,0.113579,0.009690,-0.010569,-0.017489,-0.020341,-0.019547,-0.009734,0.023588,0.131768,0.139199,0.141765,0.140391,0.136554,0.132149,0.092433,0.064847,0.028300,-0.001101,-0.015512,-0.022708,-0.026828,-0.031173,-0.033100,-0.033485,-0.033287,-0.033317,-0.032559,-0.033138,-0.033094,-0.033347,-0.032774,-0.031799,-0.028845,-0.024117,-0.017748,-0.007839,0.011909,0.036546,0.091734,0.136587,0.138920,0.140534,0.145910,0.154171,0.160161,0.165257,0.160632,0.144436,0.012568,-0.008685,-0.014308,-0.015630,-0.013413,-0.010180,-0.004959,0.005632,0.036553,0.114609,0.111899,0.105520,0.101022,0.101938,0.118731,0.081209,0.059829,0.048532,0.040724,0.028622,-0.044893,-0.033982,-0.032087,-0.033410,0.053852,0.017969,0.006086,-0.028822,-0.010892,0.012034,0.030635,-0.046393,0.000984,0.000769,0.033644,0.036572,0.048028,0.046122,0.036115,0.006972,0.007312,0.009579,0.009982,0.010171,0.009660,0.009471,0.010092,0.009889,0.010544,0.010354,0.010156
0.009759,0.010423,0.011858,0.012057,0.010449,0.011823,0.011845,0.012621,0.012678,0.013060,0.011687,0.064010,0.107230,0.023303,0.221571,0.359684,0.367726,0.237794,0.246373,0.110255,0.106276,0.019059,-0.023538,0.065077,0.041740,-0.057683,0.038100,0.115793,0.362257,0.046370,0.085134,0.067075,0.031906,0.024601,0.023145,0.019017,0.013914,0.008339,0.014889,0.091551,0.132371,0.131791,0.131593,0.123059,0.112988,0.108279,0.004823,-0.012957,-0.020191,-0.022759,-0.021531,-0.009802,0.041244,0.129483,0.135979,0.138922,0.136246,0.130701,0.094747,0.047024,0.019818,-0.004857,-0.021405,-0.028587,-0.031180,-0.031619,-0.030921,-0.027305,-0.023491,-0.020700,-0.018037,-0.015445,-0.016347,-0.019562,-0.022594,-0.026603,-0.029429,-0.031083,-0.030132,-0.026813,-0.022497,-0.012389,0.003304,0.041278,0.092847,0.130880,0.133326,0.138830,0.147512,0.153522,0.158300,0.152271,0.140173,0.003623,-0.014850,-0.018514,-0.018369,-0.015276,-0.009604,0.002798,0.038551,0.117089,0.111509,0.114287,0.116306,0.108116,0.132791,0.151568,0.116627,0.089792,0.071683,0.058645,0.036492,-0.039700,-0.033050,-0.029329,-0.023479,-0.035485,-0.065808,-0.076184,-0.167629,-0.156214,-0.137262,-0.106644,-0.100536,-0.045300,-0.048208,0.069002,0.073389,0.078505,0.081868,0.034520,0.000599,0.007937,0.010243,0.010157,0.010034,0.009639,0.009719,0.009910,0.009871,0.010299,0.010116,0.010126
0.010221,0.011007,0.012099,0.012553,0.011137,0.011672,0.011719,0.012011,0.012291,0.012940,0.012127,0.058866,0.094737,-0.119852,0.091893,0.285025,0.321876,0.139316,0.121489,0.004517,0.041583,0.029396,-0.020542,0.031424,0.072131,0.000319,0.045801,0.155327,0.295352,0.029334,0.044419,0.014007,0.003014,0.004173,0.002380,-0.002698,-0.006146,-0.003095,0.005857,0.062357,0.104447,0.133863,0.133263,0.125102,0.115041,0.106138,0.003835,-0.014758,-0.022625,-0.025353,-0.023939,-0.011918,0.044126,0.128316,0.132898,0.133941,0.131096,0.095158,0.048588,0.010468,-0.009438,-0.023016,-0.029773,-0.030297,-0.027352,-0.021805,-0.013819,-0.001286,0.009149,0.016271,0.023152,0.029120,0.027358,0.019620,0.012094,0.000696,-0.009156,-0.019401,-0.025137,-0.026747,-0.027825,-0.024917,-0.016993,0.005756,0.045402,0.093637,0.130522,0.135143,0.142880,0.146870,0.148300,0.142691,0.134074,0.000280,-0.017480,-0.020130,-0.019744,-0.016156,-0.008546,0.021274,0.114334,0.115407,0.112577,0.117790,0.125278,0.092626,0.149795,0.164334,0.133817,0.107399,0.086091,0.070525,0.060726,-0.020418,-0.018194,-0.011288,0.045790,0.032516,0.019879,0.010198,-0.060313,-0.053580,-0.036263,-0.037075,-0.019958,0.001475,0.029301,0.101736,0.102995,0.105835,0.109492,0.056918,0.058541,0.011156,0.010692,0.010234,0.010044,0.009803,0.010590,0.010740,0.010134,0.010460,0.009783,0.010190
0.011669,0.012616,0.013643,0.014211,0.013425,0.013111,0.012310,0.011607,0.011870,0.012224,0.012074,0.048732,0.062529,-0.023568,0.125285,0.223597,0.239416,0.040225,0.021487,-0.079585,-0.015698,0.025590,0.023952,0.038028,0.149543,0.096546,0.083068,0.197644,0.246635,0.005163,0.008200,-0.024401,-0.022729,-0.017656,-0.009950,-0.010021,-0.005150,0.001844,0.011847,0.056142,0.102781,0.135539,0.138528,0.128494,0.115787,0.103557,0.010303,-0.013885,-0.023387,-0.026992,-0.026344,-0.015967,0.032131,0.128893,0.131236,0.128895,0.095833,0.049381,0.010395,-0.014900,-0.025544,-0.029533,-0.026764,-0.019427,-0.006101,0.009464,0.029478,0.055106,0.061702,0.073425,0.084390,0.094756,0.093818,0.082434,0.069608,0.060574,0.041554,0.017946,-0.001859,-0.013909,-0.023145,-0.027712,-0.026607,-0.015371,0.009793,0.048403,0.094539,0.130668,0.137888,0.140655,0.140581,0.133703,0.062662,-0.008032,-0.020959,-0.022597,-0.020876,-0.016059,-0.005544,0.046948,0.108473,0.112079,0.115551,0.121942,0.116900,0.083755,0.183769,0.193358,0.173664,0.147639,0.122700,0.115104,0.106750,0.025510,0.013079,0.014583,0.080649,-0.053831,-0.069853,-0.068854,-0.122572,-0.074598,-0.092390,-0.069018,0.026403,0.053107,0.087671,0.184953,0.175842,0.192275,0.192101,0.153411,0.145321,0.091596,0.010261,0.010851,0.010339,0.009381,0.009549,0.008860,0.008764,0.009630,0.008693,0.008708
0.008998,0.009967,0.010934,0.011671,0.011825,0.011885,0.012251,0.011619,0.011707,0.012205,0.012201,0.135219,0.128734,0.036903,0.050921,0.106301,0.163158,-0.022571,-0.124470,-0.166945,-0.134131,-0.050420,-0.057278,-0.082345,0.105354,0.118367,0.088992,0.190222,0.161865,0.000595,-0.003475,-0.032219,-0.029561,-0.023084,-0.013933,-0.009723,0.003101,0.010656,0.021928,0.052762,0.102716,0.138139,0.142515,0.129694,0.120696,0.106031,0.012884,-0.013637,-0.024025,-0.027772,-0.026723,-0.015235,0.036645,0.128811,0.127954,0.123453,0.074580,0.025664,-0.007884,-0.025778,-0.029520,-0.024255,-0.008619,0.011955,0.025306,0.041888,0.055559,0.074316,0.071215,0.063214,0.055037,0.055051,0.051700,0.058855,0.065708,0.068579,0.063661,0.048303,0.031576,0.018665,-0.004635,-0.021339,-0.027760,-0.024261,-0.007944,0.023091,0.069639,0.124150,0.131483,0.136892,0.136137,0.130703,0.038805,-0.014209,-0.024075,-0.025102,-0.022357,-0.015905,0.000261,0.105386,0.105648,0.113879,0.118335,0.123341,0.099625,0.068946,0.224143,0.227024,0.215861,0.200963,0.185721,0.192139,0.190725,0.099240,0.062907,0.060684,0.127246,-0.120669,-0.107018,-0.091658,-0.099178,-0.016887,-0.073231,-0.041415,0.148897,0.107543,0.148060,0.214321,0.204255,0.211435,0.229699,0.188519,0.201430,0.116083,0.010421,0.011184,0.010532,0.009526,0.009190,0.008813,0.008696,0.009703,0.008621,0.008432
0.009179,0.009780,0.010904,0.011761,0.012570,0.013344,0.012956,0.012529,0.011570,0.011904,0.011184,0.186167,0.256902,0.138700,0.023714,0.114105,0.079944,0.004447,-0.117409,-0.164541,-0.088297,0.033905,-0.008552,-0.033430,0.122944,0.149851,0.107980,0.139241,0.083902,-0.002078,-0.009693,-0.029633,-0.027874,-0.022217,-0.012797,-0.007406,-0.002817,0.010423,0.019070,0.033548,0.080765,0.116708,0.122245,0.125900,0.119101,0.105102,0.016509,-0.013653,-0.025354,-0.029254,-0.027574,-0.014356,0.040231,0.124979,0.122934,0.095972,0.044071,0.002010,-0.021746,-0.030192,-0.023899,-0.003919,0.008564,0.025330,0.034473,0.043418,0.043894,0.049790,0.027118,0.022574,0.017056,0.017078,0.015191,0.018605,0.021313,0.042811,0.056966,0.053812,0.046031,0.035867,0.015655,0.000516,-0.019839,-0.026553,-0.020050,0.000896,0.039464,0.095777,0.127611,0.133241,0.130846,0.126352,0.023132,-0.017815,-0.027054,-0.027122,-0.023364,-0.015381,0.006473,0.102865,0.105990,0.115135,0.119405,0.106503,0.076619,0.050986,0.130080,0.131557,0.131336,0.129677,0.144178,0.170771,0.172927,0.081296,0.034687,0.027539,0.043874,-0.213421,-0.264790,-0.245810,-0.226720,-0.144431,-0.184032,-0.083822,0.146190,0.185309,0.212267,0.238960,0.214556,0.228854,0.249217,0.181210,0.198965,0.116330,0.011246,0.011940,0.010941,0.009869,0.009349,0.008923,0.008874,0.010877,0.009965,0.009606
0.009928,0.009853,0.010816,0.012075,0.013254,0.013938,0.012918,0.011959,0.010695,0.010612,0.009291,0.089904,0.201023,0.121566,0.005383,0.093169,0.047677,0.019566,-0.092818,-0.109835,-0.073460,0.036406,-0.022511,-0.036539,0.146843,0.227255,0.129906,0.081780,0.015811,-0.000794,-0.011523,-0.024029,-0.023516,-0.022165,-0.015835,-0.012318,-0.014570,-0.006803,0.004611,0.033751,0.059428,0.095729,0.105652,0.127574,0.120656,0.107512,0.032730,-0.010424,-0.025305,-0.030539,-0.029676,-0.017435,0.032006,0.123128,0.119921,0.080147,0.026798,-0.010791,-0.026652,-0.024562,-0.004799,0.015568,0.030874,0.047180,0.054713,0.056531,0.041917,0.033273,0.024903,0.023429,0.023506,0.027074,0.025797,0.022412,0.017739,0.023539,0.036680,0.051657,0.053499,0.048842,0.031975,0.016100,-0.002890,-0.021623,-0.025366,-0.011797,0.020217,0.075701,0.123510,0.128814,0.127321,0.077587,0.005542,-0.022185,-0.028845,-0.027740,-0.022318,-0.010557,0.019212,0.102723,0.106249,0.111804,0.117435,0.105118,0.073943,0.049706,0.046524,0.042346,0.039390,0.039465,0.048797,0.093523,0.102728,0.067332,0.028410,-0.018543,0.006453,-0.176536,-0.254309,-0.247782,-0.289762,-0.166088,-0.162293,-0.071522,0.053487,0.108591,0.118604,0.131104,0.114358,0.120463,0.209531,0.239355,0.205582,0.110112,0.011016,0.011521,0.010219,0.009253,0.009136,0.008861,0.008849,0.010505,0.010541,0.010280
0.010583,0.009778,0.010094,0.011390,0.012277,0.012865,0.011033,0.010569,0.010395,0.010733,0.008980,0.048902,0.120283,0.053719,-0.092866,0.001414,-0.015809,0.012715,-0.072700,-0.105092,-0.073844,0.029032,-0.031705,-0.021578,0.116807,0.169849,-0.030433,0.041841,0.050511,0.017434,0.006213,-0.013662,-0.015895,-0.020511,-0.017491,-0.015419,-0.014365,-0.008299,0.003250,0.031504,0.058573,0.093714,0.104104,0.130736,0.125526,0.110823,0.048911,-0.008029,-0.026209,-0.033406,-0.033537,-0.022016,0.022933,0.120728,0.117212,0.067318,0.014392,-0.018240,-0.026049,-0.011199,0.004575,0.032015,0.050820,0.064482,0.064411,0.018698,-0.010945,-0.026464,-0.033653,-0.044641,-0.054544,-0.052479,-0.035243,-0.026804,-0.018787,-0.010762,0.010533,0.045819,0.061950,0.064200,0.050144,0.029966,0.009041,-0.008653,-0.025435,-0.022764,-0.000174,0.046142,0.097653,0.124988,0.124984,0.056608,-0.004355,-0.025379,-0.030037,-0.027692,-0.020089,-0.003122,0.037413,0.104123,0.111013,0.117447,0.124773,0.109094,0.070801,0.045587,0.039283,0.034263,0.027602,0.027168,0.013779,0.031711,0.031395,0.028999,0.014651,0.028768,0.002140,-0.064845,-0.143006,-0.135202,-0.171510,-0.073631,-0.041866,0.044764,0.105706,0.151489,0.146657,0.137455,0.117088,0.097069,0.161116,0.198479,0.194666,0.099005,0.010464,0.010354,0.010066,0.008965,0.009078,0.008880,0.008859,0.009890,0.010374,0.009732
0.010022,0.009508,0.010434,0.011750,0.012252,0.013638,0.011103,0.010037,0.010163,0.009759,0.008398,-0.075833,-0.070862,-0.033583,-0.140933,-0.089554,-0.077177,0.009558,0.027461,0.043137,0.050921,0.116726,0.075341,0.155598,0.235195,0.233666,0.018424,0.057737,0.078095,0.021832,0.006212,-0.006863,-0.010981,-0.017833,-0.017609,-0.017981,-0.018417,-0.019148,-0.014237,0.000757,0.022099,0.067959,0.080374,0.117389,0.132027,0.115289,0.071443,-0.002744,-0.024798,-0.034670,-0.035637,-0.023979,0.016869,0.119678,0.114946,0.054938,0.002834,-0.025782,-0.022839,-0.014495,0.003038,0.046951,0.069576,0.040804,0.006924,-0.027639,-0.047080,-0.052707,-0.048692,-0.059692,-0.059433,-0.059738,-0.049311,-0.051529,-0.044368,-0.047990,-0.036291,-0.013249,0.005048,0.042168,0.072594,0.047839,0.021325,-0.002110,-0.015376,-0.026332,-0.012359,0.027228,0.079465,0.121915,0.122640,0.042094,-0.012386,-0.027350,-0.030377,-0.026762,-0.016354,0.010732,0.066413,0.111036,0.118774,0.100025,0.101826,0.084135,0.045207,0.023522,0.019385,0.015043,0.020401,0.007659,-0.010982,-0.006089,-0.011758,-0.026552,-0.028547,-0.044279,-0.021558,-0.060444,-0.089794,-0.103438,-0.045220,0.048982,0.033487,0.037384,0.078419,0.099928,0.144593,0.074846,0.070217,0.069813,0.146711,0.220172,0.232910,0.110782,0.011577,0.011673,0.011860,0.010417,0.010066,0.010375,0.010042,0.011110,0.013024,0.011476
0.009698,0.009500,0.010100,0.010952,0.010675,0.012316,0.010533,0.009546,0.010003,0.009582,0.008540,-0.119133,-0.187064,-0.097669,-0.169887,-0.106082,-0.139314,-0.055510,0.060031,0.108008,0.102193,0.098533,0.030196,0.103796,0.146420,0.113528,0.084801,0.045886,0.074250,0.033715,0.024517,0.010024,0.005925,-0.012652,-0.015809,-0.017271,-0.017103,-0.020193,-0.017445,-0.009088,0.006265,0.031154,0.068889,0.113304,0.133782,0.120615,0.105083,0.006854,-0.020873,-0.035204,-0.037894,-0.026360,0.012049,0.118881,0.113390,0.045569,-0.007045,-0.029205,-0.014457,-0.012528,0.009337,0.076571,0.072438,0.011982,-0.006092,-0.010084,-0.009017,0.001221,0.024406,0.030694,0.040030,0.034751,0.034519,0.018933,0.009139,-0.016099,-0.026627,-0.024122,-0.020185,0.003962,0.063853,0.070291,0.024932,-0.008661,-0.021818,-0.023862,-0.017597,0.022366,0.080479,0.120574,0.121889,0.043930,-0.016243,-0.030454,-0.032408,-0.027547,-0.014660,0.020489,0.099818,0.113177,0.105977,0.086789,0.091217,0.076337,0.036557,0.032700,0.029829,0.015069,0.009515,-0.004625,-0.018471,-0.013484,-0.019396,-0.019306,-0.025373,-0.054964,-0.045603,-0.063111,-0.078872,-0.033799,-0.043411,0.126010,0.144901,0.146821,0.181998,0.205380,0.172380,0.106958,0.108128,0.110511,0.189741,0.253966,0.222677,0.140656,0.011173,0.011623,0.011167,0.010285,0.009922,0.010820,0.010545,0.011767,0.013729,0.012617
0.008752,0.008666,0.009222,0.010020,0.009470,0.010839,0.009996,0.009476,0.009347,0.008984,0.008046,-0.065811,-0.133994,-0.045375,-0.139529,-0.054257,-0.016492,0.074117,0.092663,0.101091,0.052335,0.034895,-0.050467,0.019458,0.014282,-0.020823,0.018757,0.002980,0.037827,0.021889,0.025703,0.016504,0.014265,-0.003346,-0.011555,-0.015167,-0.015759,-0.019763,-0.019825,-0.017515,-0.007270,0.005123,0.030387,0.058502,0.072346,0.080992,0.064169,0.001481,-0.021616,-0.034823,-0.037275,-0.026718,0.009666,0.097392,0.113251,0.037348,-0.011593,-0.029252,-0.004726,-0.008327,0.020722,0.079446,0.053044,0.011315,-0.014196,-0.000670,0.012425,0.043098,0.075890,0.087898,0.098082,0.088397,0.096566,0.076388,0.055564,0.022008,0.000075,-0.002442,0.009460,0.002441,0.046732,0.076458,0.039531,-0.007593,-0.023964,-0.017597,-0.019892,0.017991,0.082037,0.119973,0.120831,0.044460,-0.015612,-0.029618,-0.031681,-0.026687,-0.013608,0.024296,0.086498,0.104384,0.099357,0.081061,0.088243,0.078181,0.060309,0.058195,0.049829,0.019273,0.008457,-0.005634,-0.016455,-0.016348,-0.018282,-0.013980,-0.016476,-0.106622,-0.082941,-0.082891,-0.079575,0.029277,-0.001904,0.142883,0.171816,0.139312,0.212040,0.196793,0.090304,0.048196,0.053587,0.053375,0.128772,0.174202,0.133597,0.083167,0.012189,0.011488,0.011011,0.010589,0.010326,0.011107,0.010588,0.011361,0.013262,0.011918
0.010711,0.010193,0.010641,0.011197,0.010177,0.011057,0.009364,0.009108,0.008741,0.008631,0.007708,-0.164559,-0.163182,-0.104151,-0.225679,-0.149491,-0.085066,0.002942,0.105888,0.092323,0.047602,0.052307,0.002337,0.083965,0.027243,-0.016792,-0.004671,0.009550,0.042923,0.004706,0.021118,0.018810,0.020238,0.007131,-0.003010,-0.011310,-0.012293,-0.015313,-0.018595,-0.020372,-0.018675,-0.017027,-0.012300,0.001226,-0.006639,0.014168,0.029131,-0.005108,-0.030599,-0.040643,-0.032379,-0.024310,0.006555,0.072018,0.097760,0.030119,-0.012648,-0.029710,0.001270,-0.006739,0.001655,0.058121,-0.004633,-0.040113,-0.035082,0.022162,0.056827,0.097858,0.121138,0.123371,0.111457,0.098660,0.090122,0.079283,0.058656,0.027059,-0.004633,-0.017690,-0.011547,-0.030528,0.011791,0.097134,0.050126,0.016255,-0.011432,0.000556,-0.017080,0.016884,0.086282,0.119388,0.119652,0.045180,-0.010117,-0.024401,-0.029232,-0.027523,-0.017863,0.001605,0.027450,0.056859,0.072973,0.083095,0.089531,0.077642,0.079068,0.073749,0.047731,0.016145,0.004201,-0.007588,-0.014606,-0.014847,-0.012427,-0.004266,-0.002326,-0.179121,-0.172917,-0.177647,-0.259988,-0.162124,-0.140756,-0.028385,0.027415,-0.036863,0.032731,0.081086,0.039952,0.014006,0.033182,0.041470,0.126074,0.162879,0.085421,0.062463,0.012065,0.011137,0.010664,0.010209,0.009854,0.009850,0.010245,0.010283,0.012538,0.010867
0.009780,0.009404,0.009821,0.010702,0.010116,0.010561,0.008663,0.008549,0.008345,0.008018,0.007348,-0.140727,-0.191493,-0.093118,-0.121012,-0.133811,-0.075789,-0.021959,-0.007016,-0.014064,-0.073923,-0.091590,-0.066090,-0.001961,0.006166,0.000510,-0.053719,-0.021249,0.018778,-0.012348,0.010180,0.010236,0.013273,0.010700,0.004979,-0.006822,-0.010011,-0.012208,-0.016345,-0.018465,-0.019264,-0.020832,-0.019303,-0.023504,-0.041542,-0.021993,0.008313,-0.011560,-0.021770,-0.034604,-0.025370,-0.024429,0.006309,0.071343,0.107556,0.032763,-0.015228,-0.027405,0.010330,0.007283,0.004221,0.079889,0.007570,-0.021337,-0.045225,0.000954,0.014370,0.042805,0.036449,0.040684,0.035685,0.051901,0.064791,0.082347,0.057955,0.054248,0.022791,0.006269,0.010192,-0.041798,-0.020414,0.043170,0.014556,0.019280,-0.005620,0.024672,0.005618,0.020139,0.068940,0.081023,0.056061,0.005224,-0.015864,-0.022390,-0.024494,-0.018805,-0.010895,0.002763,0.014220,0.009089,0.010184,0.017223,0.025884,0.035061,0.046926,0.052614,0.029859,0.002645,-0.008075,-0.016229,-0.010851,-0.009721,-0.002191,0.007574,0.007684,-0.157795,-0.097908,-0.128200,-0.170181,-0.039722,-0.015055,0.063276,0.031834,-0.097197,-0.019950,0.013489,-0.070296,-0.039866,-0.047381,-0.012324,0.090374,0.171223,0.089224,0.063443,0.011644,0.010519,0.010133,0.009875,0.009336,0.009417,0.009988,0.009920,0.011869,0.010438
0.008800,0.009212,0.009634,0.010337,0.009518,0.010117,0.008547,0.008782,0.007968,0.007833,0.007514,-0.069509,-0.220986,-0.072406,-0.139710,-0.109510,-0.054481,-0.021469,-0.068369,-0.051156,-0.108930,-0.117231,-0.034060,0.028670,0.036852,-0.034531,-0.040914,-0.014616,0.007926,-0.000177,0.017770,0.002318,0.008430,0.012540,0.013373,0.000461,-0.007436,-0.010387,-0.014988,-0.017338,-0.018653,-0.015814,-0.011750,-0.016740,-0.042678,-0.027159,0.005706,-0.008296,-0.016236,-0.027398,-0.013817,-0.008201,0.029456,0.085948,0.129262,0.075599,0.029111,0.001037,0.035422,-0.005127,-0.003688,0.050046,-0.025322,-0.006821,-0.044282,0.000641,0.019661,0.031478,0.044047,0.060542,0.069604,0.095740,0.093618,0.083786,0.035093,0.021374,0.011777,-0.006111,-0.003917,-0.056455,-0.021913,0.074250,0.023458,0.047681,0.008894,0.044207,0.006932,0.013057,0.055002,0.080778,0.049891,0.003956,-0.009024,-0.014498,-0.014472,-0.009759,-0.011402,0.005692,0.014011,0.006151,0.005318,0.005383,0.021202,0.039337,0.050541,0.037952,0.013917,-0.003105,-0.010825,-0.015065,-0.007727,-0.005003,0.005786,0.021684,0.024886,-0.185620,-0.116674,-0.162325,-0.187342,-0.049181,-0.003855,0.070883,0.015559,-0.050686,0.063887,0.103579,0.046085,0.052755,0.055031,0.093677,0.080549,0.094669,0.074347,0.058800,0.011504,0.010473,0.010246,0.010035,0.009680,0.009679,0.010238,0.010084,0.010912,0.010049
0.007888,0.008557,0.009435,0.009526,0.008609,0.009608,0.007943,0.008671,0.007491,0.007378,0.007451,-0.069298,-0.243998,-0.100644,-0.182412,-0.189163,-0.180851,-0.085367,-0.102134,-0.082668,-0.100912,-0.126599,-0.062575,-0.072128,-0.037805,-0.052459,-0.005286,-0.026875,-0.015332,-0.023692,-0.004362,-0.008494,0.005674,0.020235,0.031383,0.017112,-0.000141,-0.006655,-0.012661,-0.017345,-0.017195,-0.012119,-0.005861,-0.011682,-0.036749,-0.026149,0.003701,-0.002116,-0.009904,-0.021985,-0.010588,-0.006870,0.023313,0.063755,0.107265,0.070111,0.036194,0.018418,0.041997,0.016750,0.006308,0.045209,-0.014947,-0.014728,-0.012349,0.027989,0.007412,0.004746,-0.010055,0.015246,0.004553,0.028377,0.037513,0.062888,0.060581,0.082611,0.023131,0.021029,0.029195,-0.014085,0.004123,0.058989,-0.005680,0.054135,0.026503,0.060227,0.062759,0.056044,0.099882,0.117309,0.086155,0.034716,0.016168,0.005126,0.003341,0.001985,-0.007593,0.007757,0.019439,0.015045,0.018693,0.020323,0.033630,0.044897,0.030341,0.013872,-0.000765,-0.010388,-0.013391,-0.013026,-0.004673,-0.001921,0.006761,0.021306,0.019391,-0.202705,-0.121508,-0.125078,-0.183078,-0.110206,0.007548,0.123900,0.044232,0.040309,0.144270,0.175533,0.090386,0.050767,0.080004,0.125389,0.096158,0.085554,0.064977,0.061158,0.011962,0.011599,0.010642,0.010178,0.009728,0.009823,0.010259,0.010271,0.010587,0.010142
0.009023,0.009737,0.010216,0.009923,0.009061,0.009532,0.007982,0.009207,0.007633,0.007952,0.007832,0.065531,-0.090558,0.027677,-0.081919,-0.106881,-0.112610,-0.090599,-0.157455,-0.138403,-0.099133,-0.102932,-0.032251,-0.124862,-0.134152,-0.096662,0.006768,-0.021823,-0.014638,-0.030084,-0.011895,-0.017701,0.003874,0.020586,0.029506,0.032000,0.007743,-0.005805,-0.012384,-0.017920,-0.018863,-0.013363,-0.004662,0.001625,-0.032214,-0.024618,0.003818,0.002932,-0.005176,-0.018330,-0.008735,-0.008145,0.016067,0.041112,0.081142,0.057413,0.030955,0.015552,0.033198,0.016116,0.016633,0.034881,0.006231,-0.016536,-0.014639,0.034071,0.004444,-0.015217,-0.042426,-0.040220,-0.010029,0.034017,0.035494,0.025430,0.057290,0.104895,0.029486,-0.005384,0.026670,-0.031192,-0.017805,0.015624,-0.051193,0.023597,0.026554,0.062164,0.052262,0.047000,0.082361,0.081204,0.066775,0.032427,0.012674,0.004656,0.006310,0.007419,-0.001473,0.012777,0.023283,0.018707,0.024403,0.040438,0.055131,0.042892,0.017887,0.001213,-0.011746,-0.014947,-0.015242,-0.012001,-0.002774,-0.000374,0.003549,0.021235,0.012461,-0.073308,-0.024289,-0.079544,-0.157802,-0.087669,-0.042476,0.032880,-0.079055,-0.069200,0.041263,0.120773,0.028027,0.028454,0.052057,0.071243,0.045394,0.043037,0.028841,0.053047,0.010610,0.010781,0.010159,0.009190,0.008881,0.008888,0.009217,0.009266,0.009001,0.008882
0.008268,0.008415,0.008744,0.008997,0.009040,0.009765,0.008009,0.009267,0.007589,0.008093,0.007762,0.102260,0.014647,0.126975,0.042330,-0.013431,0.000199,0.014653,-0.128604,-0.119433,-0.110619,-0.104949,0.004724,-0.058415,-0.048408,-0.076996,-0.012442,-0.031623,-0.016858,-0.028831,-0.011552,-0.014123,0.007694,0.029477,0.041565,0.052496,0.021762,-0.006898,-0.013620,-0.019176,-0.020297,-0.013164,-0.004696,0.011969,-0.029337,-0.023903,0.002290,0.008250,0.004269,-0.008313,-0.001730,-0.006348,0.012329,0.025194,0.053500,0.041931,0.026224,0.015000,0.034347,0.044868,0.036469,0.097425,0.109107,0.042358,0.016061,0.068268,0.105632,0.065946,0.020435,0.042858,0.130561,0.181815,0.165120,0.087768,0.066385,0.134056,0.038732,-0.001056,-0.009200,-0.022058,0.045653,0.055201,-0.037218,0.032518,0.029884,0.040026,0.018955,0.014728,0.044695,0.054337,0.046412,0.025402,0.017581,0.007599,0.004190,0.008489,-0.002487,0.007532,0.012652,0.012428,0.021884,0.049235,0.060500,0.029518,0.002156,-0.008999,-0.019076,-0.018721,-0.016356,-0.004956,0.000924,0.004346,0.001989,0.015988,0.008610,-0.160037,-0.155444,-0.135889,-0.207653,-0.143329,-0.038572,-0.032062,-0.165556,-0.160181,-0.149415,-0.028416,0.010608,0.012729,0.040424,0.061708,0.027559,0.026825,0.016417,0.002385,0.011082,0.011182,0.010254,0.009618,0.009715,0.008953,0.008752,0.008345,0.008122,0.008194
0.007921,0.008423,0.008555,0.008607,0.009046,0.009762,0.008542,0.009387,0.008031,0.008966,0.008660,0.073013,-0.025770,0.076359,0.032939,-0.042989,-0.048773,0.027202,-0.043703,0.015981,0.064583,0.055035,0.133347,0.064318,0.052621,0.003597,0.008396,-0.036022,-0.028265,-0.036149,-0.015643,-0.014105,0.009528,0.029878,0.051376,0.062305,0.038318,-0.000989,-0.011855,-0.017967,-0.020286,-0.010862,-0.003814,0.013707,-0.007111,-0.007342,0.021810,0.023067,0.015533,0.001853,0.005997,-0.001109,0.014800,0.021328,0.039202,0.038159,0.020342,-0.001723,0.001781,-0.036554,0.023598,0.153470,0.120181,0.044945,0.052131,0.095886,0.189115,0.078438,-0.031373,0.015060,0.133190,0.208522,0.206353,0.175569,0.110857,0.143140,0.021656,-0.019556,-0.051438,-0.021202,0.021940,0.024350,-0.077658,0.016485,0.026932,0.022680,-0.004694,-0.000406,0.018331,0.031020,0.031308,0.014220,0.013421,0.007473,0.006671,0.011903,-0.001595,0.007082,0.010508,0.013832,0.024428,0.048861,0.058098,0.009342,-0.016140,-0.022326,-0.025071,-0.021319,-0.014656,-0.002830,0.005961,0.019981,0.027454,0.049674,0.022907,-0.066619,-0.090180,-0.057897,-0.171512,-0.226135,-0.123376,-0.099113,-0.220310,-0.185349,-0.279913,-0.116765,0.001836,0.008358,0.033499,0.056514,0.051379,0.056526,0.037576,0.003368,0.010719,0.010554,0.009644,0.009440,0.009673,0.009177,0.009307,0.009083,0.008930,0.009541
0.007381,0.007783,0.007700,0.007764,0.008277,0.009407,0.008544,0.009247,0.008268,0.009499,0.009843,0.170733,-0.029733,0.123374,0.136155,0.029140,0.011182,0.086884,0.035976,0.106202,0.106701,0.049853,0.098287,0.040628,0.025732,-0.005534,0.027477,-0.008221,0.005273,0.001710,0.017321,0.002746,0.022043,0.039847,0.062423,0.060694,0.047707,0.006176,-0.009718,-0.017767,-0.021398,-0.011195,0.006174,0.035410,0.048380,0.042367,0.059113,0.057213,0.045341,0.022996,0.004156,-0.009282,-0.000767,0.002761,0.017396,0.010914,0.008004,-0.004345,-0.019917,-0.095329,0.081134,0.243192,0.218106,0.125922,0.118028,0.162359,0.268275,0.156167,0.003631,0.036801,0.088052,0.137496,0.125803,0.175466,0.120914,0.168369,0.033944,-0.002515,0.027376,0.049366,0.097959,0.076066,-0.036088,0.043886,0.074262,0.026842,0.007839,-0.001035,0.007292,0.024289,0.025373,0.015133,0.021326,0.022450,0.034416,0.041697,0.018749,0.032115,0.030418,0.027668,0.032056,0.048920,0.042009,-0.003755,-0.026208,-0.028797,-0.028640,-0.021735,-0.007025,0.018424,0.029836,0.050578,0.033481,0.041529,-0.003371,0.033844,-0.005510,0.039117,-0.098159,-0.101977,0.015126,0.018387,-0.102859,-0.085329,-0.232775,-0.042208,-0.028735,-0.014798,0.025279,0.039898,0.040311,0.047954,0.037037,0.007602,0.010563,0.010731,0.009952,0.009782,0.009793,0.009526,0.009471,0.009383,0.009160,0.009439
0.007857,0.008069,0.007821,0.007722,0.008025,0.008816,0.008081,0.008704,0.008084,0.009334,0.009873,0.112768,-0.092602,0.104844,0.065031,-0.016698,0.040212,0.029219,0.042360,0.073341,0.130778,0.021840,0.003203,-0.078479,-0.044962,-0.011815,0.072529,0.005596,0.017113,0.036206,0.051133,0.038142,0.057207,0.062821,0.077283,0.058552,0.053374,0.020236,-0.002821,-0.016099,-0.023397,-0.014070,0.040075,0.096642,0.169023,0.212440,0.202768,0.174599,0.118349,0.043460,0.009189,-0.006272,0.000210,0.003236,0.014569,0.024086,0.032665,0.020564,0.008779,-0.099784,0.082864,0.296332,0.267316,0.188707,0.191135,0.212990,0.332876,0.285583,0.101147,0.195283,0.255883,0.272536,0.187325,0.149842,0.039522,0.110224,-0.060170,-0.029134,-0.032412,0.048176,0.146167,0.159409,0.009569,0.072901,0.083667,0.046737,0.030603,0.006231,0.014146,0.032669,0.037616,0.022469,0.021478,0.017808,0.031557,0.036908,0.024889,0.044119,0.051651,0.070302,0.073591,0.095888,0.066394,0.006850,-0.024975,-0.033186,-0.029345,-0.017441,0.009701,0.042678,0.056951,0.071900,0.037778,0.029596,-0.013102,-0.024243,-0.067483,0.051921,-0.069126,-0.089503,0.014161,-0.042981,-0.113041,-0.076413,-0.257616,-0.107005,-0.025508,-0.018547,0.040055,0.034927,0.035344,0.041472,0.049234,0.004757,0.010777,0.011513,0.010353,0.009708,0.009960,0.009096,0.008942,0.009104,0.007990,0.008287
0.008580,0.008667,0.008534,0.008204,0.008301,0.009105,0.007907,0.008372,0.008167,0.009583,0.010338,0.010930,-0.134338,0.051853,0.120989,0.014415,0.065095,0.008011,0.000628,-0.026556,0.045160,-0.091412,-0.142941,-0.209609,-0.140240,0.006779,0.067621,-0.014938,0.020672,0.024730,0.035768,0.049473,0.075005,0.075261,0.092897,0.059978,0.064267,0.045726,0.014314,-0.012439,-0.024708,-0.021382,0.025291,0.058534,0.113651,0.170606,0.167932,0.150003,0.100887,0.044075,0.000919,-0.028877,-0.029100,-0.019718,-0.008239,-0.001196,0.017237,0.040767,0.040490,-0.059313,0.077521,0.306256,0.290027,0.203067,0.148307,0.117639,0.277146,0.247616,0.033198,0.075384,0.096592,0.160478,0.157462,0.092900,0.049364,0.129020,0.030328,0.005380,0.034630,0.125404,0.233466,0.194502,0.034787,0.035273,0.117456,0.068605,0.069555,0.021042,0.016627,0.036262,0.043058,0.030121,0.026031,0.023654,0.036728,0.051328,0.054725,0.072997,0.086017,0.103404,0.102073,0.095736,0.048069,-0.012108,-0.034809,-0.036670,-0.028406,-0.008247,0.020218,0.057926,0.071586,0.069587,0.031081,0.031114,0.000480,0.012956,-0.048352,0.070290,-0.004488,-0.057853,0.001071,-0.036366,-0.107134,-0.082274,-0.222313,-0.090972,0.022839,0.019171,0.073154,0.065386,0.060241,0.045788,0.053018,0.009726,0.010083,0.010989,0.010491,0.010047,0.010391,0.009196,0.009075,0.009191,0.008403,0.008663
0.009500,0.009052,0.008700,0.008718,0.009073,0.009537,0.008409,0.008503,0.008467,0.009690,0.010151,0.010667,-0.091004,0.111395,0.136963,0.018414,0.012591,-0.022696,-0.109610,-0.137464,-0.070703,-0.164020,-0.198764,-0.201468,-0.137937,-0.042002,0.014890,-0.045719,-0.028195,-0.008794,0.005695,-0.001279,0.026345,0.015953,0.040518,0.047709,0.071893,0.070236,0.035742,0.001119,-0.023889,-0.029047,0.009523,0.033313,0.076165,0.141099,0.189290,0.162611,0.129367,0.084661,0.043340,-0.016879,-0.022504,-0.012200,-0.008843,0.019324,0.099801,0.181125,0.108454,-0.014692,0.149119,0.355506,0.347423,0.300082,0.221105,0.245296,0.387791,0.338211,0.130218,0.099955,0.085124,0.157053,0.171634,0.015452,-0.061830,0.050523,0.028801,0.007653,0.067004,0.130535,0.253401,0.245173,0.112836,0.091782,0.161175,0.060854,0.052916,0.002008,-0.007207,0.005008,0.009148,0.008133,0.017112,0.012876,0.040707,0.066682,0.077369,0.085702,0.080366,0.089116,0.074097,0.054816,0.014378,-0.027483,-0.036179,-0.035048,-0.020271,0.013817,0.042294,0.082997,0.081752,0.072296,0.035717,0.020772,-0.003513,-0.037634,0.020035,0.152938,0.103566,0.055163,0.043270,0.013933,-0.077436,-0.131084,-0.262666,-0.156415,-0.008170,-0.003251,0.044798,0.056458,0.063698,0.040712,0.045541,0.009338,0.009505,0.009689,0.009769,0.009140,0.009270,0.008244,0.007720,0.007488,0.006988,0.006861
0.009296,0.008456,0.008368,0.008483,0.008769,0.009027,0.008396,0.008234,0.008621,0.009885,0.010491,0.011104,-0.017719,0.105066,0.180424,0.020651,-0.094000,-0.156543,-0.235813,-0.234619,-0.211393,-0.288091,-0.313827,-0.213423,-0.088553,-0.037545,-0.014423,-0.049069,-0.040000,-0.002791,0.013093,-0.006814,0.017685,0.003658,0.022746,0.032480,0.063307,0.084768,0.051158,0.015808,-0.018238,-0.028955,0.005916,0.020089,0.034389,0.088799,0.164846,0.158965,0.148971,0.102897,0.104848,0.090504,0.034310,0.002407,-0.020933,0.005561,0.093215,0.176237,0.100288,0.008062,0.188385,0.347781,0.360966,0.355673,0.285528,0.306385,0.398663,0.342247,0.157249,0.092950,-0.043563,-0.012268,0.075056,-0.051291,-0.200930,-0.149473,-0.113065,-0.057136,-0.003313,0.001125,0.144455,0.209904,0.225395,0.145987,0.152445,0.074451,0.057517,0.004985,-0.004596,0.011523,0.019377,0.023776,0.059858,0.061250,0.087255,0.101376,0.103291,0.118353,0.104116,0.085852,0.054631,0.029097,-0.005962,-0.030276,-0.035863,-0.031727,-0.010902,0.016442,0.034617,0.081992,0.099965,0.095176,0.067746,0.043186,0.033066,-0.050261,0.047474,0.125227,0.083528,0.042556,0.094527,0.126482,0.076039,-0.005866,-0.103593,-0.032810,0.067946,0.063448,0.108488,0.101022,0.106002,0.053195,0.054009,0.009728,0.009583,0.010018,0.009979,0.010109,0.010276,0.009196,0.008580,0.008091,0.007671,0.007521
0.009794,0.009346,0.009293,0.008742,0.008721,0.008581,0.008153,0.008217,0.008575,0.009345,0.010524,0.011400,-0.013136,0.087520,0.092119,-0.087674,-0.241639,-0.274135,-0.349650,-0.304492,-0.287547,-0.308716,-0.306527,-0.196264,-0.090245,0.012681,-0.022132,-0.025492,-0.016809,0.026572,0.038759,0.010272,0.024194,0.003350,0.005377,0.010352,0.046243,0.096654,0.070169,0.033787,-0.007024,-0.026478,-0.000655,0.001729,0.004098,0.024941,0.058610,0.067895,0.080579,0.034806,0.071389,0.074249,0.037337,0.015544,-0.008663,0.008344,0.119772,0.184714,0.102775,0.006257,0.201211,0.326382,0.319065,0.336461,0.275604,0.288141,0.390394,0.319282,0.161911,0.139085,-0.044449,0.018010,0.096062,0.078813,-0.074645,-0.044411,-0.064306,-0.042085,-0.022164,-0.039733,0.042460,0.084599,0.103850,0.048087,0.106234,0.039623,0.033201,0.005018,-0.038224,-0.026007,-0.017432,-0.024661,0.057325,0.064708,0.093887,0.179001,0.186666,0.222103,0.217318,0.101216,0.042208,0.001568,-0.022233,-0.033883,-0.065249,-0.053171,-0.026779,0.001968,0.004916,0.013208,0.034003,0.065535,0.031666,0.014366,0.017638,0.084585,0.233772,0.173341,0.145095,0.051546,0.014692,0.078560,0.037614,-0.051142,-0.017211,0.044998,0.060919,0.033270,0.051591,0.051947,0.100316,0.041215,0.017638,0.009399,0.009042,0.009756,0.010530,0.009632,0.009704,0.008754,0.008206,0.007939,0.007759,0.007508
0.012057,0.011018,0.010451,0.009668,0.009314,0.009062,0.007831,0.007875,0.008380,0.008677,0.009207,0.009483,-0.013215,0.014686,-0.020592,-0.180833,-0.349004,-0.363975,-0.430760,-0.423732,-0.402590,-0.365111,-0.344595,-0.229854,-0.099632,0.029004,0.003468,-0.003835,-0.008073,0.041980,0.047365,0.019382,0.038677,0.011498,0.011797,0.009793,0.046029,0.114797,0.108343,0.047374,0.001877,-0.022611,-0.000305,-0.004009,-0.006485,0.006493,0.028198,0.020307,0.067278,0.050555,0.091272,0.103590,0.085975,0.121694,0.122407,0.082042,0.176034,0.189738,0.053984,-0.060122,0.049129,0.162074,0.223587,0.287627,0.197815,0.235278,0.345212,0.295336,0.251622,0.160845,-0.066467,0.049848,0.095357,0.096815,-0.032049,-0.061060,-0.056294,0.003768,-0.001599,-0.020824,0.028957,0.060362,0.094177,0.047984,0.057563,-0.006699,-0.020545,-0.046087,-0.079500,-0.060468,-0.063348,-0.084886,-0.017696,-0.016454,0.044484,0.136661,0.152130,0.190829,0.144835,0.032888,0.003154,-0.018660,-0.029060,-0.030627,-0.078265,-0.068096,-0.042803,-0.016351,-0.023651,-0.036278,-0.017827,0.055285,0.015098,0.005373,0.021291,0.065612,0.221099,0.066592,0.104046,0.045815,0.022860,0.069656,0.017787,-0.117485,0.037374,0.030682,0.049772,0.044812,0.046192,0.062054,0.136272,0.070730,0.013571,0.009601,0.009550,0.010438,0.011175,0.009609,0.008926,0.008211,0.008016,0.007700,0.007530,0.006884
0.010630,0.010269,0.010568,0.010176,0.009758,0.009250,0.008338,0.008479,0.008971,0.009112,0.009518,0.009980,0.088777,0.103306,0.128038,0.021942,-0.227684,-0.274036,-0.294387,-0.354472,-0.320207,-0.305110,-0.317772,-0.178648,-0.057474,0.011467,-0.005025,-0.007115,-0.010212,0.037843,0.058794,0.028624,0.043839,0.014121,-0.003610,0.001881,0.032811,0.112887,0.123158,0.068422,0.017226,-0.013911,0.002718,-0.006599,-0.011404,-0.003973,-0.002133,-0.008239,0.017073,-0.012986,0.007669,0.025320,0.030204,0.113780,0.093404,0.070961,0.163834,0.195113,0.061997,-0.035461,-0.043723,0.056249,0.054922,0.072892,-0.036637,0.009423,0.095639,0.049373,0.054955,0.056343,-0.135429,-0.037947,-0.019982,0.009646,-0.064339,-0.095285,-0.094821,-0.004613,-0.036407,-0.025494,-0.002421,0.054843,0.072732,0.056304,0.053508,0.014932,-0.025130,-0.050973,-0.089077,-0.063311,-0.062049,-0.079934,-0.011206,-0.011176,0.047064,0.137824,0.152121,0.167595,0.100181,-0.002373,-0.012904,-0.024295,-0.028510,-0.026819,-0.062896,-0.055199,-0.030630,-0.016129,-0.035895,-0.062832,-0.040845,0.034396,0.017173,0.014708,0.060436,0.043367,0.240318,0.077125,0.149104,0.023837,-0.103798,-0.039966,-0.094839,-0.182446,0.014367,-0.034652,-0.040757,-0.001959,0.016769,0.054240,0.127089,0.087734,0.008411,0.009128,0.009155,0.009552,0.009955,0.009311,0.009082,0.008712,0.008519,0.008074,0.008059,0.007714
0.011402,0.010723,0.010946,0.010439,0.010437,0.009555,0.008448,0.008141,0.008716,0.008813,0.009571,0.009983,0.061000,0.018443,0.001599,-0.053324,-0.268798,-0.231707,-0.162708,-0.196084,-0.182505,-0.168282,-0.173552,-0.003162,0.040939,-0.016342,-0.017947,0.001241,-0.002629,0.030574,0.046557,0.022195,0.025442,-0.006734,-0.033942,-0.016456,0.018228,0.112230,0.126604,0.083628,0.031302,-0.002526,-0.014531,-0.023896,-0.027961,-0.026430,-0.038101,-0.049840,-0.029759,-0.014440,-0.013787,-0.003928,0.031685,0.119136,0.085100,0.050621,0.126830,0.159450,0.046451,-0.034637,-0.001300,0.039757,0.021555,0.028809,-0.106436,-0.044582,0.019249,-0.096679,0.018783,0.009436,-0.190732,-0.141772,-0.100798,-0.026537,-0.074429,-0.107871,-0.059433,-0.044523,-0.070522,-0.047645,-0.049605,0.006535,0.022378,-0.015579,0.071760,0.045983,-0.030824,-0.052023,-0.073833,-0.050102,-0.063944,-0.081749,-0.002776,-0.004622,0.044729,0.099796,0.092132,0.095257,0.054643,-0.017493,-0.019717,-0.025602,-0.027027,-0.021828,-0.044071,-0.036487,-0.011450,-0.008849,-0.044270,-0.082822,-0.067368,0.004902,-0.006426,0.000372,0.059125,0.067033,0.287758,0.069643,0.129922,-0.014295,-0.191569,-0.045740,-0.117162,-0.208022,0.023519,0.042841,-0.042890,0.006038,-0.035474,0.013330,0.117424,0.079951,-0.007037,0.008579,0.009044,0.009354,0.009472,0.008740,0.008610,0.008646,0.008330,0.007727,0.007792,0.007727
0.011993,0.011092,0.010555,0.009657,0.009365,0.008675,0.008003,0.007800,0.008093,0.008431,0.008808,0.008578,0.010808,-0.026639,-0.034183,-0.033169,-0.155165,-0.145327,-0.075209,-0.097645,-0.094540,-0.099771,-0.116735,-0.010748,0.009234,-0.081746,-0.069126,-0.026587,-0.029342,0.015604,0.026924,0.007611,0.010131,-0.022322,-0.057107,-0.013642,0.019899,0.114074,0.136769,0.107418,0.053958,0.015373,-0.005983,-0.015820,-0.020365,-0.021588,-0.036267,-0.041376,-0.026137,-0.003660,-0.033041,-0.036193,-0.002089,0.067587,0.034238,0.015695,0.077681,0.139420,0.053422,-0.014732,-0.006739,0.033496,0.010806,-0.008677,-0.129503,0.005533,0.072774,-0.056451,0.056980,0.022775,-0.149133,-0.150516,-0.169413,-0.203397,-0.268951,-0.258589,-0.203853,-0.134152,-0.116420,-0.067252,-0.039051,0.031600,0.051721,0.040141,0.088621,0.072445,-0.036808,-0.042684,-0.098782,-0.081351,-0.090889,-0.079798,0.004708,-0.025396,0.001318,0.058790,0.042736,0.039399,0.023940,-0.023292,-0.023117,-0.025307,-0.024170,-0.015582,-0.026845,-0.021245,-0.000926,-0.016470,-0.048825,-0.105635,-0.100822,-0.017943,-0.024929,-0.013554,0.034432,0.148278,0.302227,0.121391,0.126695,0.008386,-0.096885,-0.047525,-0.099491,-0.157724,-0.020280,0.092985,-0.013737,0.025588,0.007992,0.024873,0.120558,0.073765,-0.008660,0.008818,0.009298,0.009774,0.009683,0.009293,0.008719,0.008555,0.008245,0.007760,0.007509,0.007711
0.011354,0.010841,0.010889,0.009967,0.009969,0.009545,0.008849,0.008669,0.008466,0.008636,0.009209,0.008673,-0.010609,-0.058768,-0.045102,-0.015425,-0.066489,-0.063379,-0.021036,-0.038406,-0.042972,-0.049760,-0.066941,-0.005188,0.007791,-0.086039,-0.057217,0.009121,0.014971,0.060561,0.057509,0.061374,0.069392,0.037673,-0.002628,0.007640,0.036688,0.121607,0.148081,0.112448,0.072219,0.039220,0.017993,0.008395,0.000745,-0.005332,-0.019328,-0.017786,0.001688,0.026357,-0.026461,-0.047405,-0.036788,0.034294,0.018816,0.024063,0.044738,0.042082,-0.013759,-0.077829,-0.026502,-0.005288,-0.029163,-0.030007,-0.130996,-0.034701,-0.040691,-0.212172,-0.089360,-0.123168,-0.229413,-0.230463,-0.219237,-0.161763,-0.189428,-0.204032,-0.227016,-0.183192,-0.223786,-0.124256,-0.098315,-0.022465,0.020499,0.015776,0.077000,0.114640,-0.031971,-0.043777,-0.107477,-0.094599,-0.104713,-0.060612,0.026632,-0.006887,-0.001117,0.038929,0.018501,0.013208,0.010514,-0.025227,-0.024226,-0.024321,-0.021786,-0.009690,-0.018513,-0.018207,-0.012388,-0.028529,-0.056965,-0.110015,-0.107765,-0.021293,-0.021620,-0.016642,0.019657,0.210402,0.225138,-0.036948,-0.036406,-0.123468,-0.217733,-0.233813,-0.242170,-0.258886,-0.109950,-0.011780,-0.074488,-0.039874,-0.041413,-0.058384,0.076186,0.091768,0.008018,0.008390,0.008788,0.009577,0.009111,0.009012,0.008672,0.008880,0.009478,0.009375,0.008927,0.009143
0.012247,0.011583,0.010850,0.009766,0.009500,0.009266,0.008662,0.008811,0.008843,0.009009,0.009508,0.009063,-0.026554,-0.041113,-0.011049,0.006955,-0.023040,-0.037761,-0.002609,0.006728,-0.040758,-0.026055,-0.037397,0.030288,0.046302,-0.015711,0.003730,0.059621,0.034903,0.062270,0.059103,0.076630,0.066064,0.033706,0.020790,0.046372,0.080164,0.140118,0.173302,0.142350,0.124006,0.116861,0.109694,0.103485,0.065435,0.025731,-0.001692,0.005387,0.028068,0.043874,-0.026869,-0.062426,-0.080780,-0.010498,-0.022573,-0.016879,-0.000201,0.012018,-0.022568,-0.076925,-0.051642,-0.023026,-0.088869,-0.153531,-0.198339,-0.134347,-0.117644,-0.294190,-0.161522,-0.106174,-0.130057,-0.127385,-0.096502,-0.036633,-0.019577,-0.110989,-0.162335,-0.160814,-0.191872,-0.099815,-0.089714,-0.031402,-0.024635,-0.011396,0.080686,0.101555,-0.031436,-0.047277,-0.098777,-0.090296,-0.084009,-0.083898,-0.014914,-0.036691,-0.036468,0.002121,-0.010333,-0.021441,0.000873,-0.023565,-0.021504,-0.018797,-0.014351,-0.002942,-0.012812,-0.015326,-0.017952,-0.019743,-0.039038,-0.098113,-0.080153,-0.001016,-0.010993,-0.015741,0.010203,0.172341,0.235675,0.115884,0.090384,0.035327,-0.118411,-0.123279,-0.100830,-0.108747,-0.084992,0.005384,-0.059004,-0.032206,-0.033608,-0.050057,0.092171,0.101563,0.008499,0.008719,0.009169,0.009794,0.009285,0.009064,0.008306,0.008313,0.008961,0.009108,0.008406,0.008107
0.013356,0.010955,0.010580,0.010364,0.009973,0.010144,0.008938,0.008547,0.008805,0.008934,0.008568,0.008300,-0.005092,-0.001330,0.030024,0.049800,0.028237,0.064846,0.039284,0.019165,-0.017665,0.022591,-0.016601,0.066970,0.062932,0.020961,0.071723,0.118251,0.075652,0.108336,0.094298,0.100397,0.084235,0.043580,0.005793,0.035991,0.063441,0.110079,0.144470,0.150864,0.129480,0.119525,0.108824,0.102311,0.070985,0.046397,0.013523,0.000987,0.010386,0.023353,-0.025809,-0.056689,-0.029947,0.042749,0.032914,0.036513,0.056391,0.074256,0.032753,-0.025968,-0.067563,-0.058754,-0.124733,-0.227031,-0.257160,-0.203601,-0.126264,-0.284385,-0.151973,-0.100303,-0.076368,-0.086424,-0.036632,-0.026366,-0.025882,-0.144065,-0.151728,-0.143512,-0.152072,-0.052008,-0.038392,0.025878,0.045282,0.051881,0.067427,0.098019,-0.027156,-0.058575,-0.084489,-0.095853,-0.095250,-0.084327,-0.067824,-0.070945,-0.061467,-0.041627,-0.052940,-0.048039,-0.013428,-0.010521,-0.007353,-0.001471,0.009511,0.030776,0.021811,0.006893,-0.005870,0.004796,0.001504,-0.062244,-0.066692,-0.036297,-0.035384,-0.002430,0.020343,0.110698,0.197453,0.080292,0.033229,0.006146,-0.056756,-0.043721,-0.040094,-0.053550,-0.022267,0.055319,-0.026720,-0.049441,-0.000624,-0.052365,0.046886,0.104488,0.008653,0.008749,0.008626,0.009162,0.008686,0.009318,0.008543,0.008714,0.010255,0.011487,0.010379,0.009716
0.013251,0.010854,0.011097,0.010810,0.009777,0.010043,0.008943,0.008437,0.008664,0.009017,0.008835,0.009051,-0.035683,-0.028356,0.008788,0.050907,0.004528,0.047250,0.032689,0.035582,-0.008024,0.047616,-0.010233,0.084442,0.106635,0.042068,0.105770,0.183697,0.150096,0.193881,0.179989,0.165563,0.150318,0.086627,0.002409,0.019806,0.023669,0.041054,0.054744,0.107894,0.118009,0.118209,0.108866,0.083928,0.057425,0.040333,0.004397,-0.002295,-0.010968,-0.012608,-0.057229,-0.071526,-0.050825,0.007150,-0.007411,-0.000129,-0.001073,0.059546,0.046072,0.012905,0.049955,0.068947,0.001921,-0.073361,-0.104108,-0.106266,-0.057637,-0.228291,-0.191666,-0.117735,-0.078879,-0.106291,-0.043348,-0.028069,-0.028143,-0.084299,-0.096599,-0.161732,-0.139558,-0.025381,-0.009761,0.065686,0.082854,0.086810,0.151038,0.183010,-0.016947,-0.045833,-0.084247,-0.130625,-0.112045,-0.126595,-0.117438,-0.073975,-0.072419,-0.032208,-0.038207,-0.022215,0.012719,0.016223,0.020688,0.031420,0.025885,0.032819,0.033925,0.020010,0.014072,0.028972,0.048625,0.013567,0.000039,-0.043025,0.012083,0.034750,0.037649,0.066348,0.175899,0.140512,0.062477,0.078380,0.034546,-0.051108,-0.088435,-0.035850,-0.019372,0.037989,-0.020455,-0.084002,0.004945,-0.068788,0.012079,0.060216,0.007636,0.007918,0.008137,0.008773,0.008410,0.009584,0.008896,0.009404,0.010897,0.011792,0.011144,0.010395
0.019804,0.013720,0.012696,0.011906,0.010665,0.010267,0.008914,0.008385,0.008763,0.009224,0.009101,0.008901,-0.087507,-0.086677,-0.039213,-0.004280,-0.017128,0.037709,0.032008,0.116579,0.078232,0.133460,0.082091,0.158376,0.170746,0.104922,0.128236,0.211886,0.190386,0.216551,0.224141,0.220521,0.202203,0.148568,0.024526,0.036497,0.019671,0.018218,0.029958,0.084631,0.087960,0.114901,0.091272,0.067270,0.046608,0.033773,0.026541,0.024902,0.026088,0.033247,0.008649,0.014161,0.034728,0.021105,0.007127,-0.005233,-0.037874,0.020485,0.018817,0.002299,0.033776,0.103605,0.098205,0.047397,0.012047,-0.020429,0.052329,-0.058637,-0.111981,-0.082183,-0.038580,-0.036854,0.075936,0.030408,-0.021460,-0.094967,-0.126971,-0.219199,-0.160157,-0.066998,-0.049432,0.015051,0.047823,0.068735,0.170990,0.159424,-0.001370,-0.051377,-0.081343,-0.107230,-0.149326,-0.179303,-0.160711,-0.097017,-0.066075,-0.024876,-0.028627,0.005601,0.046874,0.063508,0.068935,0.092208,0.040107,0.013734,0.014365,0.001674,0.002529,0.028494,0.063825,0.067997,0.044173,0.040562,0.100038,0.113594,0.123924,0.090309,0.153136,0.034971,-0.003347,0.055749,0.070251,0.016541,-0.054939,0.015762,0.095193,0.097460,0.061909,0.017565,0.063667,-0.017331,0.025070,0.045189,0.007998,0.008107,0.008000,0.008888,0.008432,0.009289,0.008559,0.008763,0.010010,0.011097,0.010070,0.009972
0.014250,0.012028,0.011754,0.011506,0.010588,0.010433,0.009733,0.009585,0.009449,0.009574,0.009114,0.008948,-0.071118,-0.076562,-0.010939,0.009428,-0.010632,0.001687,0.000957,0.061345,0.032847,0.044777,-0.000337,0.057721,0.078495,0.030600,0.046978,0.154385,0.152315,0.191714,0.225218,0.234131,0.215793,0.172235,0.023084,0.020452,0.007619,-0.018469,-0.012822,0.030637,0.062282,0.089979,0.061392,0.038918,0.021067,0.025702,0.012342,0.018652,0.030762,0.053915,0.046577,0.069818,0.073156,0.063896,0.044367,0.029154,-0.000287,0.061531,0.092082,0.063755,0.102380,0.138416,0.135109,0.102837,0.057423,-0.005662,0.049639,-0.048044,-0.108062,-0.143678,-0.108730,-0.092613,0.028577,0.004363,-0.021779,-0.069977,-0.038889,-0.132422,-0.063740,-0.001185,0.042546,0.084868,0.039524,0.066799,0.117723,0.058329,-0.019088,-0.085705,-0.097026,-0.088529,-0.118573,-0.130840,-0.105573,-0.047248,-0.007881,0.023598,0.010557,0.025599,0.051951,0.074841,0.078939,0.070927,0.027630,-0.005723,-0.009742,-0.015787,-0.001867,0.010565,0.040125,0.070635,0.046782,0.054494,0.100144,0.091635,0.106723,0.124389,0.160897,-0.011307,-0.000069,0.101564,0.126336,0.040512,-0.033207,0.001288,0.107387,0.074344,0.012035,-0.040980,-0.000980,-0.085685,-0.012127,0.026856,0.007808,0.008176,0.007783,0.008767,0.008995,0.009962,0.009329,0.009614,0.011182,0.013179,0.012186,0.012714
0.013941,0.012252,0.012706,0.012115,0.011995,0.012039,0.011193,0.010473,0.010311,0.009614,0.009824,0.009533,-0.038240,-0.042897,0.027712,0.038328,0.027513,0.033141,0.036464,0.055612,0.044746,0.022935,-0.018560,0.014114,0.037083,0.023729,0.039666,0.135789,0.161560,0.153082,0.193327,0.214593,0.203026,0.172513,0.011895,-0.010672,-0.007123,-0.032339,-0.025405,0.019855,0.044958,0.058590,0.024376,0.003073,0.008466,0.027203,0.010574,0.026053,0.056686,0.097741,0.077742,0.069512,0.082763,0.094942,0.110468,0.098428,0.087666,0.158389,0.205225,0.147926,0.132115,0.144584,0.159222,0.170501,0.134450,0.070338,0.107663,-0.023829,-0.094479,-0.149002,-0.133435,-0.112498,-0.002573,0.051108,0.024468,-0.027200,0.005049,-0.103415,-0.096905,-0.073327,-0.020957,0.013973,-0.037076,0.011396,0.050069,-0.004502,0.000767,-0.074394,-0.059450,-0.050541,-0.079724,-0.082238,-0.062547,-0.035292,-0.001785,0.014986,0.012031,0.016981,0.038869,0.056249,0.070518,0.067410,0.029598,-0.012752,-0.030704,-0.029187,-0.027078,-0.022844,-0.000222,0.109435,0.053618,0.068449,0.095570,0.107378,0.129672,0.110621,0.163768,-0.132441,-0.104371,0.001588,0.011178,-0.012126,-0.063825,-0.076291,0.053427,-0.014542,-0.075354,-0.142545,-0.094931,-0.167994,-0.025023,0.032558,0.007770,0.008016,0.007715,0.008696,0.008700,0.009477,0.008862,0.009729,0.011401,0.013494,0.013070,0.013522
0.015359,0.013536,0.013849,0.012287,0.012210,0.011679,0.011185,0.010114,0.010084,0.009004,0.009786,0.009211,-0.013621,-0.014747,0.036264,0.042766,0.043019,0.027697,0.050868,0.031062,-0.003515,-0.034690,-0.080653,-0.053774,-0.029164,-0.023074,0.001728,0.121958,0.155034,0.126862,0.167066,0.199270,0.201259,0.163247,-0.010680,-0.033293,-0.025383,-0.053504,-0.041977,0.012255,0.036122,0.039945,-0.001227,-0.021159,-0.013840,0.009889,-0.003817,0.009868,0.036149,0.068161,0.035818,0.028651,0.071537,0.105449,0.167725,0.157013,0.149020,0.227933,0.295074,0.218668,0.087578,0.093234,0.145300,0.157479,0.153802,0.091487,0.150777,0.037067,-0.080880,-0.134158,-0.128020,-0.113295,-0.008269,-0.027177,-0.052523,-0.104009,0.009663,-0.101250,-0.079879,-0.090612,-0.004558,0.000250,-0.073122,-0.009533,0.019771,-0.028277,0.024959,-0.047367,-0.025792,-0.010457,-0.035981,-0.028934,-0.032104,-0.026065,-0.001050,0.007212,0.006049,-0.001623,0.009628,0.036546,0.063804,0.069963,0.033807,-0.015582,-0.042099,-0.033328,-0.037225,-0.037183,-0.022950,0.143232,0.085343,0.105035,0.116972,0.121223,0.139982,0.125831,0.188516,-0.185173,-0.166516,-0.053068,-0.015748,0.047943,-0.001274,-0.042431,0.071898,0.039543,-0.075777,-0.129967,-0.125463,-0.195659,0.005413,0.024504,0.008268,0.008513,0.008205,0.009239,0.009443,0.010998,0.010289,0.010671,0.012088,0.014289,0.013363,0.013148
0.012129,0.011869,0.013059,0.011715,0.012173,0.011742,0.011418,0.010237,0.010096,0.008523,0.009423,0.008591,0.000271,-0.003463,0.042446,0.041159,0.006225,-0.012930,-0.000634,-0.044979,-0.083427,-0.128247,-0.205173,-0.151825,-0.136538,-0.079601,-0.055629,0.109699,0.149550,0.134896,0.179407,0.224247,0.250041,0.205195,-0.008597,-0.046140,-0.044285,-0.089428,-0.074509,-0.008913,0.038355,0.035869,-0.007653,-0.027314,-0.019029,0.004918,-0.004629,0.008153,0.022542,0.040542,0.021707,0.016062,0.056525,0.095496,0.196620,0.200993,0.210299,0.294115,0.373268,0.301144,0.209952,0.211840,0.267426,0.282932,0.269871,0.225704,0.252926,0.134502,0.062657,-0.009680,-0.078377,-0.022983,-0.012431,-0.024502,-0.055272,-0.097525,-0.028230,-0.169490,-0.167759,-0.104586,-0.016783,-0.005971,-0.086403,-0.016632,0.004710,-0.027454,0.038877,-0.006271,0.015586,0.015881,-0.007467,-0.004943,-0.006862,-0.002927,0.014971,-0.000141,-0.007237,-0.021608,-0.012114,0.018281,0.055393,0.069652,0.035492,-0.013386,-0.042937,-0.028753,-0.018697,-0.013472,0.001753,0.163159,0.113047,0.105267,0.103516,0.082439,0.073714,0.053295,0.118472,-0.376289,-0.318598,-0.177138,-0.112462,-0.083150,-0.119844,-0.156618,0.022702,-0.027593,-0.174258,-0.240318,-0.222208,-0.278847,-0.054024,-0.001078,0.007337,0.008040,0.007709,0.008808,0.009374,0.010632,0.011234,0.011789,0.013696,0.016012,0.014419,0.016204
0.013798,0.014864,0.015740,0.012805,0.013200,0.011547,0.012017,0.011442,0.011549,0.009535,0.011138,0.010166,-0.009209,-0.010319,0.040066,0.040563,0.012929,-0.008340,-0.010272,-0.021913,-0.067989,-0.106187,-0.150598,-0.105550,-0.072158,-0.030053,-0.017727,0.150011,0.194360,0.145426,0.173979,0.225732,0.255352,0.214980,-0.006700,-0.044629,-0.051455,-0.100793,-0.077754,-0.007006,0.042899,0.039975,-0.006360,-0.026982,-0.018049,0.008942,0.008866,0.028020,0.051980,0.061382,0.028643,0.012102,0.034853,0.059671,0.171806,0.187688,0.179990,0.257805,0.323002,0.260256,0.186846,0.261640,0.352656,0.435780,0.412382,0.372001,0.406921,0.249059,0.182444,0.035951,-0.101992,-0.056655,-0.061597,-0.106128,-0.092174,-0.135476,-0.076897,-0.178743,-0.157723,-0.041147,0.121963,0.118360,-0.000114,0.026544,0.054239,-0.018259,0.036437,-0.013169,-0.009938,0.009800,-0.015818,-0.000054,0.005329,0.002303,0.020152,0.002131,-0.010420,-0.023637,-0.013483,0.020195,0.057935,0.074075,0.036030,-0.015663,-0.047596,-0.036113,-0.025748,-0.009007,0.011178,0.159154,0.089302,0.072538,0.060454,0.041561,0.012009,0.003659,0.015203,-0.461467,-0.332017,-0.174312,-0.116107,-0.112191,-0.154433,-0.118218,0.053896,-0.107383,-0.238760,-0.252243,-0.250596,-0.272691,-0.029921,-0.026808,0.007568,0.008333,0.008030,0.009016,0.009338,0.010723,0.011381,0.012010,0.012766,0.013601,0.012425,0.015466
